1000
-3585.81938
-2477.27356
-905.36344
7392.84894
9782.34378
1990.56919
9221.55837
-5214.38095
-3066.67457
-6933.90063
-3193.71606
4258.11726
-6977.16686
2501.12937
7194.06476
9567.51625
7345.35443
4138.05079
-5546.96474
2240.36890
-846.88339
-5114.39687
-4853.96747
7053.93558
-739.92287
6076.91491
-2541.46031
-9432.83393
-2994.29896
-9944.29014
9795.04463
6572.00941
-765.21398
9978.59310
-6650.19041
-6368.21902
-6242.12508
-414.56740
2175.43221
6102.23371
-1949.83356
-7313.98934
-8298.05979
-1141.28493
5275.58958
4317.62737
-7407.77229
1060.00741
6987.50217
-98.16943
1413.23703
-2489.31495
-9884.09825
660.21122
-9130.57940
7035.21938
-7258.49059
-6794.85122
-8844.49487
1859.84318
-5221.93813
2920.41246
-69.15519
-6468.24653
-960.58017
-561.20773
1054.24129
-3866.94291
8019.65659
-9060.26706
-5676.91844
-8906.52359
-8573.88517
7668.77575
-6695.06015
3676.95282
6148.80446
7083.33967
-4504.05740
2379.58755
9853.33596
-4561.20159
3706.17364
-5528.25330
266.73873
17.80210
-5047.63787
-1191.63014
4385.95341
8310.29177
2519.16722
8484.10425
-9824.31344
-1342.20862
-3108.92261
7004.24399
4242.43956
6652.86199
6409.06499
2590.38392
-2632.96028
-3759.18534
1402.85527
-8741.28240
3587.41876
6798.02248
9170.87139
-1401.54015
-4257.71433
8333.15145
-4443.68719
3146.12753
8581.60133
-4499.17083
3191.38986
5685.42501
-985.27876
-6351.63216
-6922.20301
4333.42223
-2661.87711
4787.29751
-826.84586
-5803.73699
2698.05156
5664.24601
2846.55429
-8775.46147
4113.50230
5031.19438
-729.44001
-6543.38739
-1743.83149
6613.69217
3332.84632
475.49971
7531.80882
-2911.72877
6612.49737
7936.40787
8013.80747
2277.53778
7924.91966
-68.89198
1460.91187
1251.16420
2752.29935
9045.06690
-6121.70157
-8453.41542
797.06184
-4460.25402
3147.82169
9254.35066
4630.46844
9855.77953
-8842.53706
-953.99226
4330.43523
1963.25107
-9949.99356
-826.96984
8423.59112
1574.40261
2857.85777
9551.91247
-8742.87216
-7839.34204
-6300.54296
-6023.09352
7422.01824
2586.21164
664.12276
3463.69572
-5230.26443
1381.41097
3831.74557
-7631.61451
8406.13668
2831.99176
-2488.50094
4365.86410
1164.60042
6729.73602
-7123.00413
-9322.90819
4937.36324
108.68594
-609.04509
-6558.79658
-7966.98597
-8570.44605
-5826.12202
-3607.34298
-4285.19498
3752.13031
148.27472
8500.01055
3025.15890
-4715.88791
8347.19600
-6658.08242
6531.96813
-96.70629
3075.20843
6393.62335
6897.04111
9199.80505
-9716.10600
8460.95770
-7804.83577
48.46055
-8123.36988
3901.18181
5914.67582
9102.58011
4597.73953
2047.34458
-8431.06912
-1292.34006
3581.05675
-2982.34813
2877.76076
2441.91669
-4816.33986
-5406.90295
-9479.88468
3770.48398
-1802.72252
5252.23315
1560.53504
6638.58127
-9849.45657
308.37637
7864.48373
-3778.36775
4475.05128
-9312.45446
9349.03523
-5627.00773
4535.63822
-751.60016
7049.41921
8425.06232
-6286.63708
-35.94231
3490.82127
-9988.83082
2369.98488
1815.94788
1454.18136
4280.91594
-3117.05250
-9797.66453
-262.83810
1014.11070
3342.22246
2998.34738
2490.12950
-8452.39607
2980.97589
4179.43444
7596.77653
-4162.52632
-1071.98330
-7206.97635
3482.14850
-8057.32939
4122.30011
5644.05732
-542.92420
-4036.96652
-8424.89654
6335.82771
-5914.85594
-2417.60370
1538.94869
-8974.79621
-1416.35481
3532.32247
8474.16032
-2326.69472
1287.67543
-3400.78470
-2308.75632
-6749.27999
5702.54403
-9067.80882
8583.19631
-4983.93677
-4699.50965
3345.14859
9766.72264
-6694.49770
3692.64982
205.22447
-8980.23676
6.48562
-6534.56914
-2875.51384
-1752.91153
-8707.43712
9222.51829
3891.33967
-7295.25173
-8605.01653
7535.11491
-2929.86257
-9371.48451
-9624.35717
3203.17550
-8777.23857
9491.47581
614.28492
4368.86283
-9338.16311
-6036.51068
2048.06935
9848.67828
6727.29399
-7883.62356
-6074.06661
3965.22537
-397.33962
5183.24485
1860.36887
-5509.92135
9336.61455
-3994.59701
-7632.58967
7171.33026
453.81914
-1308.26986
1564.18303
-9276.35670
3452.87698
-7289.95531
-4551.95021
-8029.30609
-3513.25674
-1558.05595
-7463.30498
6623.15208
7915.29973
-8411.10382
-3079.41353
9318.51698
-1169.47036
-7736.72695
290.92223
-2940.35343
8892.75595
2557.83111
-1296.20867
-4732.22567
-2389.41028
-6093.58723
5722.72326
-7993.78566
-3148.10691
-3475.86267
-2942.80254
3567.18031
-9530.31802
4443.19451
-9355.26420
4694.52835
-8391.44251
-470.42601
-5546.06275
126.11926
7205.20022
7193.66166
-3070.45463
9785.68592
6024.72721
-5558.41874
-7155.85511
579.74891
-2860.92911
-5693.71562
-5472.35951
-6209.35080
-7937.63786
-2957.97674
2322.28892
-1448.77185
273.52468
406.28748
6517.62486
652.21321
-5984.37677
7599.79991
-8870.18881
4127.79034
-5829.49436
-3413.68066
3109.72277
-2110.31953
-3167.70885
-3446.04995
-124.14421
-3713.15947
-6641.98299
-5478.96463
9330.87345
-2814.61030
-2614.94770
-1726.88221
-6897.95603
-2346.86735
-5729.49117
-7746.45279
-5054.73429
2352.20073
1744.93382
7469.22088
-5370.32428
4108.05537
9448.51790
-427.71716
-4054.91000
-1041.59711
5092.85625
-6142.53047
-8668.98951
9315.29817
9643.24419
8582.14237
-7567.43441
9433.69064
-8138.33984
176.41541
6760.51902
-5030.77367
-1226.70369
-44.30095
7012.90762
-1435.40265
1604.75498
7046.69408
6791.31742
-9257.31773
6932.43489
-5835.18050
9994.17862
5965.38458
3239.13647
-5675.03062
-1855.12454
-4405.68595
3499.24449
-4718.95021
-3191.56240
-8086.16149
3215.70373
-6875.56626
7127.52761
4708.94887
5460.79574
-3528.02652
4249.82904
-5684.52908
-9533.07640
-632.44979
-7992.17076
2674.81657
765.77040
1731.22553
5386.24045
7876.35612
-5226.86385
1092.77838
-4121.30934
5548.79832
4089.37003
5532.23218
7901.62290
-207.01487
9396.29446
2554.59505
6134.63857
5455.53939
7696.96866
1092.31765
-3853.40512
542.49267
6492.72430
-368.07743
5672.07380
6744.32806
983.05166
-9139.77659
-192.89305
7888.92604
-4154.07079
9657.65031
7672.03390
-4356.41747
-9433.47475
6573.72318
3892.90416
1427.14253
5626.16350
-1809.94793
9435.10424
-6688.04554
-3456.60566
1518.57240
-3076.49967
-7902.36481
-464.64573
-4335.62748
-8506.32178
2985.27050
4639.57304
4310.80175
9688.38576
8628.49270
1537.87591
3907.96045
4901.55026
-9249.68782
6047.16670
1835.16413
-6793.27381
661.63182
-5423.38942
-6203.13653
7861.73638
-2919.82085
1636.98017
-9849.10200
7990.98344
5061.39388
-8516.07147
-2183.40122
-1490.68642
1090.31142
652.83258
-1177.92884
-2504.96498
2505.04377
-4821.85833
-5631.74543
71.87648
-7095.37540
7320.44118
-5381.98739
2390.53846
-4187.91103
-4746.46833
-5094.50078
6815.63675
-9746.13401
6679.21167
3954.42263
-7093.39187
9511.29724
-888.36597
-5629.08817
3666.47338
-3035.97461
-5987.47458
7961.53811
8832.76836
2903.94737
-8788.45977
8158.04203
-4854.24293
2432.17730
2563.42752
-4815.59820
1502.38880
-5146.31476
-6815.56321
-4539.48484
7265.29577
4878.32871
-6800.88032
-8387.48593
-4300.41921
-1171.67934
-7947.78583
93.25175
1677.87958
9622.31414
-9996.38598
-6682.50141
-1479.50339
-9473.00159
3345.68920
2803.48862
5989.19548
7166.24025
-7760.22437
-9119.65612
5636.19278
7552.62546
-5097.29943
-3914.36711
7881.16608
-6571.78459
-4635.14624
-2640.36028
-5777.63451
5632.34328
8180.63156
9273.92945
-1661.93686
4700.88769
9557.68250
5334.26491
-1814.48146
-9877.55565
-1205.55131
5633.23978
5228.66384
-9595.83111
3704.45735
6747.94629
5007.54476
1350.44714
-5077.71891
9438.66246
-277.97219
3665.62345
-9627.47675
-283.50359
7068.47728
-5854.96432
3280.99702
9437.18357
-4033.09537
-6783.09501
-5403.95732
-1531.24412
6144.67042
3155.43891
-6169.52520
457.45771
1589.03705
-4346.88745
-3177.98626
8203.69012
7665.49884
-1527.58012
9917.05893
5826.09832
-6518.96851
8497.81994
-4077.78819
-6083.13595
-9236.62854
-8992.59444
-7478.37266
-1514.80880
5328.97080
-2383.69851
5432.11892
-9980.35096
1275.39544
-7420.83780
8478.04744
2566.40059
-9991.06773
-9779.76715
4589.24877
-3942.27088
-219.00728
6085.23652
-4286.43641
9057.11577
-9477.68334
235.50620
-5855.56189
4903.05048
-1880.56499
8332.16928
-6583.43550
-7413.50253
8776.59900
-7657.84640
-8845.57160
-605.21232
-1638.42971
4515.21343
4271.78935
-5411.98373
7072.79477
-258.76401
-2355.70968
9612.48017
-2749.85366
365.17916
-5363.66684
-9842.70251
-4890.67172
-3698.07832
9437.37188
3712.72271
6681.43474
-3153.31742
-1214.25356
7265.12507
8096.11337
-4536.14304
-6764.63191
-3815.71554
-3240.36242
8687.52240
6969.54460
-3466.19203
9554.25307
-3003.21582
4947.77222
8778.79760
4714.40165
4760.79900
7891.05488
-1400.05236
-7256.72594
8914.60218
-7623.25188
7646.05022
258.70389
-6906.80130
2805.53256
-739.17967
3869.90687
-6434.40640
-8551.14933
-763.91782
1214.16718
-8304.24625
-4592.89364
605.81318
-2711.38955
5629.23184
-932.04488
73.59760
5767.76103
-6514.89266
8721.96547
-6456.06965
2940.25620
-9129.45041
2199.54175
8955.60677
193.15746
3791.59196
-6791.34806
3296.83680
-6993.38038
7093.74192
3820.44574
3126.75903
-145.82320
-4820.85553
-6188.31419
-5222.01223
2470.00754
5898.53364
-7457.66430
4048.41925
1405.85133
-493.43428
7747.58382
-4365.84389
-1941.02102
8619.66495
-4508.14140
1842.65824
5269.17902
-5582.53365
8458.55506
-1278.22347
-250.47680
8434.19076
7658.32148
-6415.81909
-7591.96489
-8194.40450
5006.44168
-6923.37811
7468.13753
-7901.27856
-8616.72015
5394.09885
6347.32174
-6545.24181
3033.32212
7561.81133
5866.55482
8563.01728
9103.93662
1864.77297
3618.95801
3085.97516
241.78906
3562.56938
-197.05507
4166.85125
-5358.21461
7044.41871
-2054.13416
9231.53901
-8616.05710
7435.19438
-5593.46842
5900.75507
7312.38428
5389.03239
2014.71238
3545.18232
-1338.13697
-2251.99345
-4983.21709
-3338.19348
-6731.11459
-554.52585
-7097.89607
-5472.18204
-631.56647
5135.18442
8611.79733
8332.59635
-8522.97892
6561.32542
-4496.76468
-9670.68060
-8613.39901
3421.83262
3703.32090
-6852.58897
1433.78704
-2078.40788
-7494.92654
-1647.27342
4858.07670
1885.04080
-8478.40353
9639.12969
-6237.12361
-9375.33703
5092.30873
-1767.46291
4273.49211
-2185.54861
6742.79140
-9138.23822
5797.35022
-1498.87528
-6079.15262
-9009.65449
4619.80962
7828.38955
-1735.08511
-1275.43170
2803.21987
-6895.19615
-9989.25235
4631.64042
-919.61043
-4471.12521
-9229.53379
7537.43383
7724.95204
3793.29715
5930.77954
8870.42157
5515.44829
-6248.71355
-5243.19881
-9904.41309
7121.83191
-7326.05000
-573.28841
-4686.62829
6311.02310
3415.35504
3721.07021
1306.78100
2991.31349
6722.42148
1379.91457
1745.39927
546.06624
7350.71974
-4732.44833
-4708.77964
-8057.68020
-1101.88985
1222.24666
-1211.41051
-6824.23512
-336.91742
6574.67027
5331.84130
8936.98430
4702.20467
2516.28137
-8545.54580
-7725.42549
3628.33662
8534.32146
-231.27481
-2510.48405
-8444.79637
6721.35831
-1264.27806
3207.50717
791.03076
3589.39599
3249.03842
-4657.22516
2476.55289
-7994.19038
7861.32186
-8287.27564
-5724.54883
2147.63670
-5004.82251
3487.25344
-6448.18568
7451.95638
9426.46336
9329.40547
-1280.74053
-5199.52224
7250.38059
-2177.95590
-4471.35467
341.48122
-2135.17766
-7389.99608
3080.78981
-532.48217
-4421.91188
-681.39816
220.11434
1735.19242
-9890.42561
-6474.23954
2566.70685
-4648.09884
-9497.31287
-6045.39655
-9939.69912
-4142.79753
-2812.33589
129.18101
-7004.33864
-1057.15722
-267.70666
-6542.86751
-3377.74920
821.56386
-4951.10466
6212.92292
1106.17117
8720.56556
-1896.85694
9598.60005
9443.72343
-3414.14918
-1161.67170
2675.26056
-4830.55824
-115.79779
-5091.02949
4499.95751
-9281.76375
-6083.59277
9057.82571
-8485.77533
-6999.13970
-7560.91432
3861.17925
-5455.89297
3463.20502
-6147.66027
-7486.39455
2917.46091
2354.04233
9997.60041
4976.51799
-2058.20971
-7938.62340
-9280.84496
6437.38671
-9727.19283
-6719.30503
3871.41168
-8185.04192
-1436.15104
-2455.15208
-8723.97622
473.15687
5337.25534
-6186.77509
175.97984
-8271.69200
-6123.20258
9204.18911
-4080.32163
9691.36076
-6599.01336
-6797.44596
-2451.96650
-4926.54041
4112.31781
9055.83301
-5770.12101
3590.98785
-7830.67517
-8304.07390
9893.41554
-9307.04980
-6159.34595
-1572.23922
7964.33526
6511.69691
-1158.35943
-9953.13904
3165.84110
2312.28448
2964.37046
-4560.05198
2495.05653
2883.97015
8868.75267
-9993.75643
-5782.24375
608.35864
4783.81802
8141.82083
6209.69349
-5901.30682
-481.38889
7205.01950
2768.47992
-5076.49901
-3469.41251
-6098.54638
9578.27255
-1569.27526
8444.03588
5067.29741
2230.80793
3717.97698
1324.89928
7340.94442
677.57160
-2741.05425
9017.10028
-8185.68455
-613.59797
6617.44479
-616.71595
-8347.63351
-3055.97313
8522.11990
-9909.20603
1542.29431
1286.41141
-4700.48151
3352.93146
4440.13486
3476.14131
5834.43828
-5643.95101
9280.38915
-378.87036
8477.80687
5791.93426
-5861.59883
-4875.86666
2701.26864
4983.06250
-1854.39544
-9928.45539
-5888.24220
-7913.75856
2919.69821
-626.73036
-9197.16039
7655.79762
-8977.77452
8671.78256
-9250.10042
976.63804
1032.75598
-4512.62714
-3515.75382
-1897.25821
-1074.08335
5170.78610
6981.88352
-9210.10257
-1111.98712
7148.91182
5517.31475
-4245.98162
-2163.46774
380.07289
-6585.30641
-6428.70900
4400.15238
8190.57857
1713.37040
-2660.24418
396.07024
-2768.10471
2800.64554
6125.93529
8738.67239
-2790.02036
-9692.76094
2168.02091
-8562.44764
-6143.46940
9846.77374
2794.63730
7029.51941
1461.72924
2678.95343
-4167.16246
8465.58246
-7.29934
8036.78400
1788.19499
-5218.04039
-1357.88560
-1562.26556
-3007.74615
4605.79584
9235.67356
2522.03082
7541.91428
-8309.43537
-7448.43289
-1624.23502
-1873.86569
-6056.24943
1662.67605
-2913.61513
-224.06878
-5856.82648
3244.36233
-7198.62786
2611.24120
725.89529
8812.23822
-6710.39833
-484.96530
7287.22032
-2731.54864
2672.72403
-9541.29793
-7473.46326
-8936.07879
1757.81097
-6959.17967
-9475.69082
3854.96207
-8236.47557
1492.67490
-6644.15210
-7697.14484
-7985.93283
-6017.73246
-7263.55571
-6312.72600
9638.76145
-6867.85985
-8151.16532
3777.07543
9333.13824
-628.04070
-6680.00079
6947.90022
-1638.32962
7928.13150
-7148.60943
7667.78311
-863.80121
-8633.91929
-4212.41568
-707.42241
6977.20605
9843.06594
7040.80413
6742.03930
2806.64963
-6905.50380
-5098.40441
-2854.71973
1673.51723
-8946.22430
4806.02531
-6029.15101
-2220.44892
-8599.25204
-7219.44311
6221.70804
3475.23405
1856.27235
9372.94182
9659.55588
-1965.12643
8766.88237
-5792.08533
1210.05285
3290.15730
6380.04848
-4367.00077
2284.95905
5153.77241
-5257.67934
3514.33422
1140.65103
4735.90981
6161.96114
6026.57571
-4859.34489
-2447.05378
-7983.36420
9298.27226
437.20794
7915.23895
4749.89389
-6528.52668
2619.22657
-2123.23993
7791.16195
7315.29222
-781.23948
6053.19824
7355.66385
71.88073
-7811.51294
-4451.95076
-8348.06546
6740.77752
6847.97925
-1059.37335
-4458.14378
8577.56149
595.58245
-5370.49429
4288.93488
6491.24553
-434.28404
-5203.97836
4660.52381
-7987.11316
4329.41580
-3979.09250
-9140.64520
3483.97220
-4305.59496
3567.45431
-2216.13029
1545.81084
7080.08213
-7091.94614
-2050.79950
5711.14897
-6791.37735
3722.32921
6521.86042
2667.32133
2097.48923
1702.33829
6979.48320
543.37534
4027.06840
-4327.24545
-4156.01992
-327.26688
7656.91224
3383.59481
8719.97714
1167.62910
8620.76527
1327.28224
-8932.86066
7201.00968
-9222.37191
-2790.77704
8570.00760
-417.95613
-4958.91008
4074.76714
-9263.32389
-9002.72327
2853.46696
-6034.90389
-3209.84072
-3819.33534
-256.35537
611.07505
-8433.22386
909.15839
-8795.20059
1848.31126
3816.82253
-8250.68644
7925.58347
9049.72665
4476.48949
-852.04039
-6782.49238
1808.46622
2028.49151
-5576.00992
-2428.30237
-197.11379
-3291.69891
7310.99518
2049.31466
-2107.01208
-5111.56952
1807.15268
8231.92104
-8225.88109
-9469.60489
5141.16283
-427.56039
6877.45649
7243.08731
-5394.43760
-9543.82366
8011.69405
9399.02820
-9733.69171
-7.18440
9045.80743
-2351.40942
9724.63841
4561.05750
-5225.46136
-388.54505
1095.37182
-7390.94163
1718.60772
-1070.71083
-1166.13004
7501.28064
-7739.16942
1007.79323
-2704.13746
-3991.86611
-4104.38307
-7801.09537
-7163.77257
25.65581
8499.34087
-8597.31515
-7613.63955
-8069.97867
-3739.35137
-461.51713
297.48739
1816.72341
5700.21349
-3343.94837
3662.00442
-4149.90164
-5541.69523
985.64185
5072.95602
-3616.55965
-8118.16331
6288.58068
3282.56208
1286.23734
524.31016
-9370.79852
9873.71048
1099.87425
-8234.88508
-2085.50513
2861.47299
-3536.24968
-119.61555
-3547.60680
-1978.27032
-4381.14884
-5005.45859
652.02968
8791.17896
-8480.82590
-8451.79903
8894.75994
4946.65243
256.94144
4036.59717
6146.68595
2394.03926
-9008.64937
511.32176
-5651.01457
-7188.71100
3374.68565
-1785.84954
-338.56844
4434.19717
8697.43133
-2970.03916
706.67478
-8705.81194
-7646.93735
8243.41127
-3508.91786
-6958.42034
-3087.82525
-1492.20050
-384.60793
-3130.40129
-6941.74645
748.06659
-1205.87360
-9879.97029
-8477.66695
-4730.74527
-2616.67898
1013.73186
-1466.09838
5208.96418
3722.07844
-7555.89818
-2439.20574
8065.40828
1543.36470
-5410.33488
-7211.48433
-7014.76311
1063.97637
-6924.43236
2865.93348
8543.73876
-7999.04596
-7620.02534
-2031.06785
-4184.54641
6632.72587
-2541.73603
-534.13637
-3291.80148
2806.91677
-1767.87351
-7735.24354
-1059.07934
-3461.79333
8597.68778
-3144.85774
-6019.84958
8097.17043
2172.83104
7560.92923
2626.71427
420.79342
-2621.05836
6690.42020
1198.49995
1156.02073
9239.02738
-5036.06620
4894.60136
-915.90442
6444.40381
-8347.01141
-3405.95941
-5054.54812
6482.19334
1355.67163
-9778.88352
-7076.93881
4020.62807
-3045.91051
-7336.61238
545.11425
-9681.87996
18.26186
-2405.68737
60.95117
8324.25744
-2479.11986
123.06994
-9663.46597
-1733.26118
6830.10773
1562.90108
-9456.66498
5190.67632
5692.98989
-8346.42718
-677.79065
3850.73580
-7441.57673
-9694.95912
-1317.40982
8313.02184
-4771.84823
6313.77576
-7054.55028
2424.70238
-2771.94708
-4532.88140
6183.88028
-5592.58520
2113.72566
-9554.39030
4336.95759
-6330.79386
-5568.88950
-1838.87133
-3913.29888
4695.96789
7635.47945
-865.05023
9974.29755
2646.30258
655.70871
2718.80865
-4909.89568
239.27584
-5218.19113
2960.44220
-6826.20748
-1184.20286
4142.81979
-6750.98816
-7198.07799
-227.56856
-6300.16307
8824.82416
-723.72683
-4733.82366
1600.68148
1546.09894
-1817.73986
1117.28201
6505.36988
5826.83497
3284.45655
-8509.60923
-8088.68085
7394.15027
8463.67022
-5928.11075
2952.89374
-1304.15142
-6452.66032
5638.95539
-5561.02334
-6702.45505
84.72848
9401.31543
4852.85417
1808.60419
4744.67529
3154.30649
-1592.78235
5914.14579
5974.94737
1387.77509
7452.54341
9457.90914
-6873.10118
-3577.56512
-4152.54308
6388.61615
6312.40042
3493.78100
4069.92395
-7050.97568
3665.91162
1259.08480
-5171.66320
7872.75249
-304.33682
6921.53683
3599.80956
3027.89506
5645.32283
-1361.51034
-3408.71767
6029.56489
-8128.21116
-6704.00220
-1003.66776
-4407.89449
5733.61575
6310.09953
-7468.98198
2043.60904
2272.90856
-523.62745
-5509.05106
-8481.20218
-9112.07264
6427.52821
4679.51869
-4266.34179
5908.18966
459.31273
823.39565
8326.21753
-1756.06629
-7232.72133
8994.89260
-2584.62318
-5327.48576
2350.44257
2205.89867
6509.34199
-7960.63463
9996.77607
-9183.13193
8626.03365
3944.51079
-8609.78162
4016.90117
-4975.35967
-1807.90119
5423.86992
2742.34604
-8685.60825
5597.97335
2956.93955
-117.24522
9956.98636
-2056.63917
6749.33606
-4834.60313
9246.25063
8831.79488
-4678.77135
8097.86821
-9063.20340
-2489.56658
-7874.57027
9765.26746
3051.71798
7409.85622
-2128.04696
9092.39150
-5222.20680
-9495.31786
-1610.21773
1348.27023
4964.35424
4198.03975
3136.91011
-1737.40638
-4425.99569
8545.04692
-3406.63159
-7601.64733
4902.26544
-7523.62808
6235.77199
-2643.78164
-2182.72477
-4909.72013
-5.98797
-2530.55371
-8558.97360
-2241.38190
5034.91713
177.13801
1542.47383
6349.98488
-9192.66412
6564.70622
9825.76483
-6978.98954
23.46062
-3937.82731
518.65399
-1936.40872
-9047.53724
-2317.70826
-308.29206
-5035.33388
-4311.86015
5899.31272
275.74307
9889.33119
-6356.41516
7307.55533
-9095.42293
-449.21885
4684.79085
-8543.59271
630.06813
5801.30626
4802.48281
-8793.96968
-5872.41293
1479.07390
-1229.50471
-1873.21699
3733.85252
9625.88432
-4304.49223
5126.05460
1416.12431
-792.51755
-9890.87291
-2576.27434
6236.54529
-6466.45645
-4387.75296
2948.28154
-7405.98885
-729.14208
-7510.31516
-675.41545
2193.08853
1891.83804
1232.38509
-9686.29720
-2041.76489
1493.38712
2637.34198
224.88018
5171.45496
-9826.42554
2901.25266
692.08619
4342.82958
-9070.76538
-9455.82103
6076.16765
-6048.78255
-870.30557
-9125.07115
-2879.51834
-7363.90136
5570.42839
9491.19797
4037.86125
9248.22746
-9173.22139
-4258.69169
8406.18145
-9974.34757
2976.01276
6065.33820
9497.40053
2484.67434
-8215.88905
-165.37944
9195.29124
-4905.60873
9942.95778
9268.21326
-271.45102
-4407.16737
-8983.79880
8894.67936
9710.13658
-7592.56604
5733.44933
2745.82197
5451.14668
9495.11961
-7388.72858
-6895.06361
735.22716
1503.42491
-7863.09311
-4901.44178
2606.72019
-8047.32423
7440.46775
9903.26491
1848.54651
4627.18258
7179.47611
-2570.53534
3728.06229
6700.14949
4198.39762
-5344.35286
-4260.97962
-2281.12973
6494.11826
4896.50376
6526.96058
-3655.40947
-616.35415
4304.99821
-9478.98437
7422.62005
-5196.40372
-6306.14748
-8917.53515
-5682.92750
7761.81736
4813.22182
-9205.56547
8437.76248
4332.91898
-4770.01489
-1784.84885
5584.29918
-1052.60424
-2300.98555
-1407.02117
7490.45407
2258.19900
8790.11636
5574.29890
7242.58645
-1866.91509
5428.94109
7379.95775
-9095.55878
4342.50370
9459.52586
-8640.31256
4939.69040
7886.48284
7080.98222
8015.00131
9539.63458
-1095.75854
-1080.50893
-2851.01557
3762.49203
-2376.17126
-8606.02310
-7301.20676
8884.21800
3558.25179
3159.07160
-9506.03203
5375.41574
-4170.87451
-4423.81963
9347.99585
-1068.43556
3866.59792
3467.29812
-5654.92474
7519.99555
7386.86699
8524.89404
929.92215
8297.99134
-9689.88199
-8064.14362
-1079.58463
8513.73285
-4067.46392
-1522.50481
7539.66274
3553.13236
-9611.61302
-4629.91516
652.59002
5257.16683
-6519.87154
-9557.21023
8553.43952
-44.98029
-4189.58844
2900.21217
9450.81453
-2116.64257
-6861.69175
-2447.05881
2410.45898
-211.96279
-9906.12120
-558.15191
1161.60846
-4990.02054
-6760.64917
-1420.28102
140.20593
-2881.07018
-7553.12167
-1960.15085
6008.01234
-7482.00424
3789.21817
593.44980
8861.58998
-9847.88526
2152.97845
-6030.35971
-6785.07507
-1473.52512
9428.66359
-7798.58820
-1331.65674
5650.85487
-6072.16747
8500.51472
-664.52704
2441.19150
-893.14397
-3503.41259
1368.28394
-5871.42311
-9273.36214
-9568.84887
2217.54118
-3774.89407
531.57630
-4468.42463
8725.30769
-5401.54028
9925.16766
-3603.76765
8611.51431
8118.73881
-1465.31767
-7872.11804
-4378.44702
6239.73836
-2684.86209
-3871.67665
-3264.69518
9541.79046
-4475.54103
5830.43361
5487.71351
9247.00987
5706.58260
2342.07202
-2639.18623
-4179.40103
4306.91453
9497.85880
4825.25725
3705.79666
-497.55346
-2134.04116
-9052.22852
2753.67984
-1799.40747
2904.63476
5785.04244
9573.22567
-2124.97197
-8858.05761
-7430.04236
-7234.75558
-2703.23443
-487.00916
4942.62054
4003.36421
-1070.71210
-889.95407
-5550.27426
9821.70091
1890.34049
7434.36311
-7212.99034
2232.38837
-5729.00485
-205.11568
-4702.18816
-9440.58114
5619.19101
-5729.67298
6570.99581
-9348.03871
2852.83242
2315.24988
-1325.86149
4790.65784
-252.36996
-8658.65974
-3089.67321
-9026.72054
7512.88941
7081.77093
755.85863
2718.83011
5679.23629
3583.72767
9551.28800
1086.13411
860.45966
8880.97786
4680.42154
7026.76336
9209.10727
-1499.40383
8554.74293
6007.94688
2541.50192
-3.5

