50
46.6945
-33.5854
-13.2243
-30.2394
-82.7965
55.5251
38.5189
-20.7378
87.9546
-97.0183
44.5608
70.4467
-8.2433
-94.1257
84.1218
-56.7498
4.2629
67.3715
-3.1273
51.9933
49.0310
38.5595
-52.6308
64.3388
-71.8769
-76.7548
43.4295
-50.1870
42.0391
-63.5386
-79.1220
-23.9537
-98.3000
-80.5169
-27.9423
65.5460
-6.5058
7.5197
29.7994
45.5536
85.1997
-11.1745
49.5634
53.9266
92.9826
41.2290
37.6897
19.8173
-94.0171
49.7966
-26.2646
-55.1833
-51.8699
-39.4359
80.0773
-16.4399
-42.9436
48.7879
37.9035
35.2806
-76.4805
-53.0917
24.5778
47.1749
-74.9295
36.8488
38.3399
-71.0568
98.9946
-65.7474
-9.0825
-20.7263
54.7358
-82.5785
41.2737
5.2598
10.2671
-69.6070
-30.3869
-11.1594
-54.8224
22.3842
-1.8812
-28.3447
75.9765
32.9203
-68.1393
-75.7417
-10.2772
-19.2047
-28.2719
94.1366
23.6232
-94.3390
-95.9056
-34.7337
64.1148
-40.0167
90.2493
35.7328
2.0
