500
8029.5072
6645.2514
1658.6822
-8730.3201
-4529.3785
793.9476
1662.9552
3335.7605
6999.1040
3924.9438
9465.7709
8703.2078
452.8410
-3437.7007
-5383.5417
-2505.2622
3447.8812
236.4433
3811.0640
-8316.8534
7650.2277
4801.9336
8372.9571
5984.2968
1347.7490
-3863.2143
3981.9078
7982.0700
-3443.5662
-972.8041
-9022.1162
9312.4281
4173.0553
-9181.6656
-4573.4933
-7111.9138
2599.2885
-5165.1090
280.1291
-7920.5724
-8924.0953
7694.1999
-2882.2337
1035.5223
-8259.8035
-8089.1377
-8796.2130
-8540.6817
2229.7238
3523.3635
-6938.2207
-543.0022
5110.0754
-7952.8129
-7134.1702
-5879.1774
-4911.5440
-1417.8906
-7520.8847
3189.5147
4777.1158
-1016.0836
-4205.9629
6446.5520
-4800.4508
2235.7954
-9042.4137
-584.4704
3149.4502
-8906.4003
5831.3618
-6325.5813
-4765.5025
-8841.8728
-2391.4666
-2914.4113
-1654.5964
2225.5248
7229.8894
5501.0379
-8031.4876
3058.6460
-5566.3141
930.9532
1406.8376
3273.6089
7723.8542
-1869.7305
7710.3533
4305.8066
-7736.1035
-3399.9763
-2863.8524
-6859.1943
66.4989
-8308.7926
5344.7322
-589.2893
-3573.0259
-3354.8745
2923.9521
-9509.5969
6946.6360
-7801.9837
-6448.5087
-7877.4909
-9617.7285
6450.3921
-890.5183
1011.4509
8923.7307
-8703.4638
-2092.0206
-8965.5141
-1667.3885
-3520.7887
9627.1447
-4472.1334
-7932.1972
7492.1028
7812.0641
-4501.4855
8303.0732
-5821.4686
-5282.4365
8640.6145
-9417.9696
-510.6646
-8098.3398
-4013.6049
-7496.4498
9580.3136
7367.2841
6086.3817
1277.8653
4731.8376
-233.9976
4065.8883
-4369.5703
7042.3561
-6850.2298
-7809.8169
-4965.3424
-122.4364
-3121.1013
-830.5241
3687.1072
-3069.1524
2625.6727
-7579.2149
-1845.9979
221.2371
-5842.6079
-441.9883
-1750.4174
6955.1675
-8361.8185
6716.6050
-2837.2484
-4545.9234
3513.7735
3713.6272
742.0261
9848.2307
-7225.5911
-1377.2020
2293.9314
797.3058
3392.0069
6342.3856
-4766.0808
1648.2822
4823.6239
-358.1779
-6964.9898
2301.1192
-19.7591
2906.7469
7296.9227
5900.9611
-5483.9409
-4330.8938
6456.8874
-4097.3157
5247.2995
897.2575
7791.3375
-5742.5305
-198.9699
8637.5681
-2301.5640
2421.3168
4627.8169
832.4986
6935.2449
6614.6478
-2362.9094
7880.7483
-4379.2090
-611.1965
9160.1562
7500.8164
-5314.3169
2700.1840
-5254.9701
7012.9054
1284.4302
3612.3026
-7532.0160
3186.1447
-4259.1942
4767.6777
-9534.8615
-6938.6701
2189.2320
-831.6157
7498.3369
-5842.6447
5798.3411
-9837.9600
-6397.9974
6691.5672
6753.4042
-4529.4301
3328.3544
8211.4930
8384.1836
-1321.0968
-5493.0528
1371.2673
-1075.1691
8306.3563
-7475.2580
5386.4558
606.5426
9274.1011
2288.8316
-3914.1160
-7886.6009
-3878.6411
1179.8276
3888.9205
-9304.8797
-283.7607
-8793.6482
-4308.8013
3378.5255
-5498.7287
5778.3903
4500.1962
6729.4073
-5141.0733
5248.1225
-1849.8814
-6082.2430
8365.8842
1569.4057
1932.5485
8929.7524
4792.2581
5798.0572
-1112.4791
-2092.9226
772.8052
-2112.9252
5624.4810
-1399.2376
4023.9639
-1448.5497
-7711.4688
4296.7624
-8948.8520
9711.5989
-370.9848
8333.2968
-4403.2144
5197.2816
-8870.9974
-6039.3089
9732.8148
-2692.1879
7136.1639
-1013.1080
-5283.3252
-3971.8601
-8499.3070
2950.0429
-1254.4789
2999.4212
9962.1571
3041.6505
-2729.4090
-9086.3530
7228.8531
101.9738
1286.9723
6281.6931
-6161.9079
3950.3722
8836.7320
6475.8151
6074.4031
9001.4784
5340.3681
7643.8369
903.4678
739.1709
9106.6368
29.4301
-2010.2518
2411.1903
5258.6120
-6356.1779
2656.9564
-3740.2784
8299.6104
5738.5704
-1886.7699
-1695.6150
-2880.3723
6371.6081
-5093.6536
-9597.6378
-6224.4426
-4339.3522
2210.3805
-2343.3738
6012.0119
-2925.2829
-53.2320
-1788.3994
9758.9690
-2030.7446
-8976.1198
5281.1342
-9013.4479
-8619.0810
4262.1359
-2059.2201
8208.5460
6033.5683
666.0623
-3950.1914
-7108.2022
-1634.1405
9608.3089
-1645.4499
-6538.8341
6534.0879
5987.3117
501.2431
-8207.0480
-3702.9005
-7942.0837
3583.3691
-575.3806
-8.3205
6599.3261
6184.1122
6090.7004
1065.0599
-6926.8495
7644.1394
4475.3702
7001.7323
8657.5107
-3920.2604
1784.1713
-1818.1290
2494.3772
9559.7591
1033.9527
9347.6809
9886.1718
4765.3904
9251.9435
9991.3621
264.2230
-1494.4682
-4273.1272
5989.5928
-4025.4738
-2045.8668
-4851.9808
3055.1393
8787.0139
-7212.6344
-6383.0427
840.4012
-8922.2510
1345.2302
7562.4653
4565.1145
-5537.6587
9270.0297
-7809.5480
-4498.5067
3749.4640
-7501.9536
9183.5322
-818.1956
349.0800
-7116.0681
2590.0164
2996.4615
-4239.0130
5209.0921
796.4363
3931.3537
7390.9461
-2132.2439
5740.2551
-8344.2199
-2534.8765
5835.1151
-5663.1262
-4039.7592
1017.8555
8775.3640
6078.9414
1841.1342
-7381.1248
-7490.6639
8777.0877
7454.1814
3153.8822
3573.3790
384.5027
-4431.0073
9892.7854
8760.8393
4705.6275
-5082.6833
2117.2273
3313.9004
-8384.2866
-2270.4620
1024.9409
3857.1507
7384.0051
6677.2624
2205.5233
-1600.6419
2713.5321
-259.4162
-3484.3424
1781.2238
5270.6046
3300.3402
-182.9664
60.6561
328.5658
9456.2156
-3328.1391
-3270.0169
508.5690
3502.9737
-1683.5622
2009.7855
2276.4114
-7121.7801
-3968.4036
4171.6026
-1363.2091
7458.9365
-3375.3254
-7552.8431
-5880.0510
-6921.6885
-4332.4653
-9664.2713
-9617.9793
-1183.0889
-8418.5150
-2031.3604
-1134.8483
7799.0887
4063.0616
-9573.0049
7486.6493
174.1938
9079.1982
5778.5931
-2382.5376
-2532.9346
6872.7336
-2641.0696
3466.1802
-3719.9388
-2798.5288
-8280.8448
6106.5439
5786.6456
-740.7118
-5523.3124
7437.6926
-6829.3654
6296.7997
-4222.1260
-4493.8087
631.9014
-2503.1605
7111.5171
8529.0963
3513.5827
-1725.3049
-5251.4496
4445.4123
8756.8125
-6283.7408
-9409.9496
-1686.6094
-9880.6033
-8996.1304
-7320.3819
-9751.2062
-4913.5026
-6571.1024
-5886.9759
-2832.8127
9594.4337
2036.2018
-9803.7806
9069.9176
375.9254
-9812.1056
-438.3008
-4522.2141
2841.2377
3646.1652
9747.1379
1853.9269
-1523.4746
1629.7662
-4219.8723
6121.9993
-3163.8215
-2609.6281
9776.9509
3153.2979
-9730.5609
3211.7815
-3070.3359
6359.4263
7680.8596
8662.5939
-429.6180
-3798.7139
-6360.0904
-2214.8282
873.3587
3657.9367
2689.3574
-2830.3249
-4285.6244
3272.9297
-6777.0774
7898.2369
-9041.5035
2192.4135
-8546.5079
7172.5794
1917.2917
-7734.3490
-2084.8616
7406.6167
-6336.8034
9702.6386
6321.0562
-3681.4166
-657.2652
-8899.9228
7291.5872
-8671.1315
-2806.8726
-3468.1986
-5339.6588
-7377.1535
7683.5479
-8281.0932
3014.8089
-7558.5188
4482.1800
-3572.9389
9620.0798
-9211.9097
4066.4183
3895.7908
8361.3658
-4777.9602
741.3986
-9775.9086
6267.6165
-8776.2684
-3964.1490
-3877.7219
-6042.7619
7599.4201
-9221.7824
-5291.6841
-6309.1776
-2435.8273
-310.5409
5570.7256
-9305.6770
3045.6724
3199.0927
-2106.1591
-8800.1026
7140.4993
-678.0463
8092.1021
8100.3431
-3632.5922
3951.5120
-5121.8883
3753.2047
-6540.7976
3962.0362
4954.2358
-8340.6654
-2176.3557
-9896.1840
4114.0898
7429.1827
-4881.6066
1161.2172
5223.9348
7828.8033
-7204.8150
2606.5353
9464.7251
-6971.1460
2603.5280
-4655.0301
-4265.4364
7344.3592
4589.3650
-8007.7567
-1861.4836
7058.0125
-1329.3374
-4533.4802
-4304.0685
7865.2044
-8550.5163
-4000.3306
5120.5338
2630.7814
-5481.9749
1954.4437
-4356.6282
3005.5583
-7891.5207
2128.4488
1954.4696
3497.1633
-3303.6194
-9133.7464
-1574.2292
-3949.1892
-8238.0582
525.3717
-1317.1232
-500.6152
4190.3475
2394.5689
6731.5361
-2611.5666
-2695.1432
6699.7671
2033.3145
4462.6144
9225.9903
-5736.1903
5638.7316
-5171.7306
-6515.4587
-774.1728
3516.2994
4409.9621
-4812.6195
-1499.0531
-6721.1787
9818.4528
-15.2477
5802.4502
-5024.4920
-5361.6908
9783.4664
3271.8521
5816.4061
4663.2411
-4631.6179
221.5123
7510.9735
5555.2705
5878.2503
1784.0778
-3673.2224
-6233.9586
5989.5101
5670.8101
9613.4937
-2940.4183
6312.9821
-4025.0304
-5009.1524
4315.5212
2596.8622
-9394.9802
4900.7105
9936.2173
-6811.6472
8326.6293
-9906.5748
-6383.5950
8006.7076
3193.0459
9886.7907
-4783.8856
6743.2625
-6685.2410
-7802.1858
-3948.8468
8302.6026
-6021.6298
-9935.4016
-6323.7423
120.1085
8732.4097
-1655.9584
-9929.9846
9562.9954
596.2462
2918.3238
905.7534
8366.8733
563.6076
-2758.0801
197.1051
-3898.5375
2222.0665
-5510.5376
6943.6607
2827.3024
-1270.3008
-6981.4378
-8407.3268
4163.8470
6903.8351
-789.2786
-5597.2513
-571.5699
-4505.1069
-8072.6752
-2369.9931
2184.9380
-8103.4190
3888.3242
6718.9676
8959.1401
-6172.4866
5873.9662
8137.9917
-1640.2018
-8681.4079
5331.9935
3875.3162
4859.6480
-7536.2849
6547.0966
-2833.1957
-6360.9627
5466.7882
-9366.9357
7879.3334
8507.2247
-9850.8529
-9157.5147
3122.9482
-4670.2969
8043.0315
1369.5585
2808.6201
-328.1490
-5241.4683
2816.2522
3669.8032
-8157.0376
4891.6925
-5916.4138
-9047.5057
362.8073
-5546.0784
-5587.4349
6443.1669
-3538.1368
-9717.6839
5521.4730
495.5632
-3676.0523
9374.8589
9766.5946
5846.6854
-6708.7285
-2539.6874
-6903.5863
8418.6412
-4467.7632
-8224.4502
-8935.3275
-6203.2378
-3256.7945
4152.2029
4285.5562
4703.1296
2172.1646
-4769.2231
-6256.1399
2339.3069
-6348.0573
2134.7374
2922.7368
-2532.8413
-754.8259
652.5131
6353.2444
6923.9809
4224.2322
-1161.1730
-5395.7909
7778.4120
8854.3203
140.6166
8899.1774
-2983.5957
-8432.6658
-2854.6527
-3819.0345
4599.2219
-8401.1612
-500.5565
9522.6971
-2667.1472
-1598.1665
3873.2969
100.3540
184.0999
5776.5005
-8099.8981
2120.2781
-738.8533
5826.5701
-6883.7796
-5166.8323
3567.5613
6448.1787
-4616.5487
-6126.7626
-4702.2405
-1192.2288
7541.5980
7029.6290
7059.7086
6083.4203
7281.8649
-9129.5456
472.5559
-4320.8040
-1557.5973
5730.4847
5506.6396
2272.3436
-1319.8960
4742.9015
9472.6966
-9449.3538
-6604.9851
-1174.0542
1151.9643
2931.6318
7388.6223
9468.0060
-5971.5207
-9823.4436
-8434.9631
8553.0600
8607.2698
-7859.4087
-303.4961
8264.5250
-7243.7639
38.6642
-7230.8228
5074.8796
9735.5371
-7124.1132
-6087.3217
-6240.2771
-623.3142
8798.7100
6848.0686
7079.6490
-51.5576
-4719.1963
-9055.2337
-7320.4014
-8753.7612
4091.4135
5397.5703
-6762.7640
-1176.6065
-9032.1055
-6545.4453
-7297.2970
-6256.8800
5123.2593
9988.0428
3004.2875
5034.9312
4245.9312
-8613.6276
-6311.0867
1398.0488
-8233.5158
3283.8610
9597.0639
6867.0962
-1465.4576
5653.3031
8287.8692
-2115.0567
2871.8119
1599.6493
2060.1118
-9168.3248
2124.1874
-2852.7872
1592.3848
8967.2883
1189.8799
5764.1180
-5614.9863
-6042.3921
6665.8448
-5883.2580
-7610.5115
-3440.0173
-1201.8283
-3727.2442
-7608.4707
-7546.5438
-1826.8168
-1981.7348
1031.7502
-3395.0293
4613.2398
3587.4506
-4998.4268
-4700.2404
-7178.9543
-4147.2868
-6525.9047
-4160.5442
-579.6742
1196.4908
-3197.1864
9218.3747
2654.0531
1866.4917
5301.6759
-5064.1810
5244.1891
3272.9992
4389.7346
7074.9468
-9707.6231
8995.3808
-9739.4332
-7262.3325
6049.1341
-6155.3572
1317.8123
-2899.6169
-8013.2601
-8252.8143
-2575.9629
8432.2729
4454.4542
-4959.7459
5469.2260
-8900.5986
-3949.1295
5155.4001
-9729.4777
3175.2883
8406.5319
-8730.4184
-8410.6889
-3.5
