2000
-6324.32617
7866.63151
1110.67580
1673.48555
9816.67027
-1883.11734
-9068.07597
-4136.91545
4652.03719
4273.76724
-3800.63554
-6986.30951
-7335.96475
4751.33504
-4825.32216
8967.79985
469.58176
-8911.29493
-2690.18578
-3653.87338
-6688.51748
8205.64221
-1846.98884
-848.95528
7851.86053
5467.27812
-8247.64760
6720.96187
6953.28802
-8730.76730
-6148.61819
4308.00052
6772.01760
-1841.64447
7643.70676
9007.95744
1985.05812
-9002.35043
-7804.41811
2491.24401
9277.24573
-2437.77111
6558.02951
-9636.11415
-9453.55394
4525.98989
7402.09931
-8790.48662
-9044.89530
-7148.98195
1074.38330
-4864.30405
-6123.04881
9319.94520
-6807.84961
-2327.71101
-5100.39889
1894.69401
-5081.45719
-6328.60828
-9395.81919
8157.96530
-2538.96434
632.72412
4161.84068
6161.08659
6832.24155
2638.86004
7888.03480
-4493.10014
4365.64812
5971.36119
8969.34662
-6104.78105
-8112.98987
-2891.79599
-678.10814
8267.67618
-7446.39755
-2866.41987
6047.67429
2313.92971
2582.15944
-8430.40964
-858.20994
-2168.21260
-5310.33661
-5.57845
9768.87812
-5029.04442
-8605.86073
4030.80839
-6280.52023
-398.28166
-7242.31010
4137.10695
-6542.17022
-8245.35657
-1130.34971
-3214.28617
-6520.76881
314.92591
-9574.50577
-3250.04824
6271.47401
-388.18612
7435.99640
-3647.13153
4004.10241
5485.60432
9169.49035
-4652.15296
89.17783
-9285.22276
4534.03363
7243.83000
-7377.29524
-4082.24123
-3381.53721
-9106.20285
4488.49243
9752.04380
-2006.94208
-7842.39668
6923.75481
7510.90098
8779.57896
9963.55563
-7889.91307
467.90659
-601.42855
-6149.64840
1506.37896
2921.59590
-2721.64267
-6564.73886
-6111.52582
-8554.62688
199.08749
328.86732
-964.97050
8512.74334
4726.30943
-85.48602
-2956.37076
1861.53282
-8244.60328
8325.95716
-999.33006
9571.69110
-9928.90291
8403.57125
-1070.41791
3341.06045
-4714.52744
-5565.22350
2288.55376
-1740.56261
3341.59430
4202.22484
-1324.85642
-1032.14539
8146.27132
-1900.67154
2081.71588
-736.23386
9560.00535
-3475.14274
5855.49275
-9400.32728
9335.99196
-4404.72210
224.56337
3146.06031
-7970.71070
-2567.47476
83.72341
1698.58452
-7801.55286
654.64531
9677.65486
9436.11818
6660.49083
-8747.00648
3149.06256
-132.30359
-3050.27725
-123.08179
-744.99180
3330.29703
7793.07153
4045.66983
-6317.08116
2098.87798
1754.63901
-338.03138
9396.04893
-5694.49882
-8154.01083
5901.16788
6682.66471
6367.38832
7434.50822
6063.78376
-3214.39055
-1967.18477
-1326.52813
532.36944
-7774.42985
5948.43523
8813.76474
-6104.87964
-4901.93341
296.62773
-5379.08779
-2681.91713
-8246.72071
-9917.39725
-3466.39700
-2659.25159
-8634.60296
-5165.00498
-1204.03409
-5436.15732
666.82570
3500.11497
-6601.79432
512.17918
5334.56702
-4024.50295
7083.14540
-6755.46744
-4496.81586
-4375.65624
2279.36997
-6899.16179
2164.07145
3226.33028
3748.29773
-9839.64311
4712.79995
2374.59647
8548.61829
5272.89958
-3692.62794
6822.79667
8491.37564
-6737.10701
-9847.68750
5705.09849
-7177.01243
-8276.88404
9914.76437
5832.56882
-2751.55475
-6913.82633
2587.89046
4424.71528
-1396.93141
-9437.36273
-5126.17544
-2910.16058
9239.66081
-2510.38741
99.93720
-2533.40724
-5768.99095
-4084.97754
8685.92237
-7115.69642
-4954.30972
-6533.75778
-4762.51092
-7594.96060
4915.03894
-8223.30430
-5707.30516
-3608.85968
-284.03853
-4800.54894
8934.55083
-4808.00302
-5714.64249
-9011.96968
5938.03966
8641.50287
7282.56917
-8614.70914
-3033.98479
7396.18723
-9417.49823
-867.61462
-5857.25768
-5888.92926
-7956.95742
9179.39482
883.64969
-3972.60015
7861.83132
-1335.55830
8862.88528
5999.30234
840.51141
327.21357
-4140.71900
4827.01366
-4590.43113
9522.98558
7390.67378
8038.46791
8792.78943
3813.94665
7424.02072
4503.83003
-8574.97118
-839.89491
5462.39047
-339.58165
2840.40377
-6875.96077
25.34464
7620.17127
250.22003
51.61021
-4204.10337
5225.74409
-4316.72281
66.61099
9011.55750
466.43472
4306.57822
452.66272
-3770.88533
-4578.38089
-8618.47505
-9622.97392
-6205.02884
-2793.75845
-4450.89401
-4093.90434
-1842.31672
-70.34927
-3270.44191
6647.65493
3084.80098
-6949.07531
3187.77206
3137.03997
3211.36778
3963.03111
-3749.40983
-8375.63021
-9911.23780
8846.94453
-8180.71763
1496.69265
-1173.51197
-5700.98880
-7422.51507
672.68041
-7500.52141
-107.32483
1815.76974
5151.42550
1852.50352
-1487.44964
7033.89986
4698.06124
-5951.83278
-955.92965
-7547.76021
-8202.36737
-7917.26195
-8758.53284
-9881.97405
8142.71634
-1733.44014
8793.59335
-4074.43210
-6212.74612
-7454.48589
1750.62281
9188.79623
8066.53682
3777.16477
496.41032
-9415.06233
-4955.57247
-672.75101
-8691.95654
733.59860
2571.44062
-2236.01304
-1540.49601
4706.19246
-8737.66211
-9948.08145
-9054.77783
825.61446
4355.26470
3143.91492
6169.87112
-5209.08758
-5820.26317
2365.67965
2545.70566
5745.33758
-2417.69083
4785.53509
-7559.84300
-8307.41428
-5175.28693
3495.81575
3000.38173
-7810.87185
217.25864
5404.96022
3810.50888
6194.91611
-8398.40409
-3875.01453
4017.69732
-2060.82903
-662.52634
372.29948
-6283.35214
2345.68422
-5628.15169
-115.42110
2665.54964
9692.43014
-7769.46411
-1979.81011
8547.16076
9734.09462
-4888.85704
-474.89110
6195.27191
7933.21233
-6310.62035
-8720.95740
9567.50289
5748.03405
-3919.96543
4687.10139
4149.51017
3903.68079
-1867.41743
2907.45392
3696.89730
7329.34161
3948.54437
-5150.28243
-4274.96445
-7582.94553
1605.51871
8066.27647
-405.68241
-3856.51446
-4243.31315
-4334.52004
3551.08605
-8944.99083
4296.05190
5901.33941
-3804.15330
-3218.32106
2667.80617
293.08219
-2022.11315
7805.37644
-9179.11303
4196.46176
-9112.16942
-9095.01503
-978.67768
7323.41192
-3594.87708
8225.80058
3778.84522
-932.49224
-3826.46582
-1910.30954
-349.55775
-9558.40095
-4997.79499
-5126.50059
6974.29653
9872.54055
176.01109
2880.73210
9826.19003
4515.46768
422.67193
-2132.92926
3028.19325
1592.89502
-9948.20667
-5970.84084
361.48674
6014.80641
-4950.53699
7914.43821
-6040.61980
-2092.93208
-3892.51072
-9103.28994
2980.84172
-2291.23447
-988.34351
-2375.16316
-4780.40561
-545.46995
-233.92317
6168.24815
-1039.88888
-714.59295
2644.85458
-2867.25117
-3612.32186
-1519.04478
-1494.57073
-7594.35641
9843.21222
5568.77312
4073.45099
-5648.96526
-2136.84033
-6828.07123
30.32633
5401.32649
9230.13813
7938.49729
2171.12375
-2903.64351
9005.30105
4216.98293
4876.54400
912.76014
-289.24422
9627.54868
-1644.55097
1982.14665
-4838.96931
-7088.20523
-1167.98342
-7818.12504
5717.57242
-944.73168
-2537.06857
-4117.38381
7228.23729
2613.66780
9642.96385
5692.85594
1136.96414
6236.91233
3819.54170
7168.41935
4247.31992
-7291.00217
-4622.97059
-5764.85230
-4380.17837
9057.88582
-7237.67164
3554.97689
5071.11116
7446.08777
244.60210
4641.32001
355.06066
-2811.84852
1211.65901
7335.77154
2546.67394
5470.08295
-1698.16600
-3847.14203
5158.93404
-510.11842
-5465.26146
-922.12112
7482.45352
-3097.07632
-9688.22653
-7716.58179
64.14112
-503.19330
-2312.36548
-4864.76071
-1636.54210
2575.15064
6078.38171
-9297.12961
-2451.03607
4444.57716
8048.65634
2792.84557
-5408.99738
-7634.40253
6969.91063
6287.57556
-634.84179
-9502.22402
-4783.80514
-4271.66052
-8464.92034
8453.48789
-4486.26108
3006.04006
7626.85564
1711.69023
-6782.60118
-8794.90846
4742.34423
269.19422
9809.51542
5934.46551
-4218.14516
6542.36417
-6262.81756
-2064.61384
-7803.80683
4398.00715
-933.16270
-7266.99750
-3606.82963
-6243.47339
9701.56901
266.51831
9654.44504
-3601.69908
-335.00726
-6077.39999
8163.61485
-3472.60848
-4586.54397
-8691.01106
-8625.36598
-1675.26924
-8689.58181
-9730.45200
9354.42724
788.70100
8159.09937
6586.18232
-167.97996
932.48448
-1225.62550
2906.69268
483.09627
-255.94500
-102.48677
3212.55531
-1933.39455
6306.67768
5360.50520
5.57376
5510.99137
5350.01898
4905.73552
-2606.54250
8671.38267
6177.57427
-7422.62427
-7761.51618
2762.96279
-2034.72258
7798.69483
210.18223
6990.64565
-7971.86303
7919.92604
-6878.96781
8389.71106
7515.21164
-3587.16854
-8056.94052
9402.45154
6213.89190
8049.00680
-3535.60261
2718.07357
-4978.89690
939.08160
9536.44820
-4330.60554
3590.51922
-2686.01280
-5390.66527
3914.76871
-5891.84910
7377.95191
6995.37474
-281.84742
7792.64202
-1359.33812
-1712.52924
308.19621
-5127.46556
4529.92669
4494.14294
7061.47127
-8844.98714
-8215.57405
-2877.47158
632.73602
7526.79805
1898.48180
-8754.87273
-736.84008
-8850.42980
5475.08731
-9799.85701
4056.36376
3317.98047
-113.54669
5208.06865
9877.70996
-4246.62922
-8887.97598
-5667.19984
9082.34235
-4262.25929
-7636.99214
3714.10364
5683.24312
-1175.97727
-2917.48035
-6611.16483
1137.66442
4365.43716
3272.86755
66.01859
-9701.69222
5765.61427
6458.20791
4466.33634
-5492.66158
4083.35843
9623.69935
3501.04177
8474.41888
9134.02458
-8696.19497
-6820.03446
-2422.05411
-6516.10113
-9108.04793
4119.21829
5413.67959
9809.68806
4218.32751
7356.26805
-9714.05954
-1771.80159
-3570.05264
-980.68997
-7127.61359
-8174.72426
-3018.53698
-1768.26234
1943.53582
-7515.23567
1068.10359
-4940.57483
1432.21361
9644.68254
-2564.36194
4193.65727
3733.33016
-4034.55499
83.30873
8691.70004
2778.80066
-5234.70200
-6875.39406
6027.64603
9545.20732
454.35924
2201.31006
6642.83451
-8469.52745
6305.88071
5215.01251
6315.18478
-2312.94605
-8830.76946
-15.42243
8224.74952
547.87634
7962.26438
4301.82696
-4224.66191
-811.94868
-838.12848
5434.51811
-6048.36322
7496.63769
7581.32193
1312.14239
-3764.65298
316.23186
356.06809
-9409.66083
-5798.22462
-7639.82381
-2787.59817
-7826.16865
-713.60620
-5335.64988
-8332.11651
1131.00789
-1403.35905
4543.02996
4359.12445
-689.10294
-1076.10535
3370.89982
9178.84945
7515.90988
9563.45767
-5108.92752
5312.30642
-3267.12550
-3952.17072
8240.59185
-8097.38548
-7341.16820
-2972.44764
6650.58022
-5731.00887
4330.82958
-4883.21567
1019.78232
-7878.10108
-6737.55427
7425.91811
-2008.58331
7059.46302
-3705.41219
-5338.17269
815.06835
-2383.74448
299.90922
-8244.86449
-3996.44840
-5187.92802
-2398.27127
6247.09143
1561.96328
7030.99080
9906.53282
-9559.45173
1708.17277
9785.64303
4664.49275
9247.43121
-2388.74316
5435.99077
-6582.91158
8609.00233
-2302.16518
-4514.47129
-9100.47818
6504.96884
-2868.48756
3340.18411
1543.09710
-2674.79104
5250.22807
-8513.28300
-4202.37550
1986.89890
9373.84361
1916.86136
9515.24274
-3319.70762
-6707.45176
-5468.65303
5003.35306
-5114.14703
9540.48827
6116.90988
4528.62133
4413.91045
-2807.64554
-9850.49721
-9106.88442
1011.11725
-3029.74991
-3552.61805
-9430.64821
-9345.02347
8856.76715
-6031.17332
1366.39856
8915.61011
1109.63072
4661.12457
-5734.89493
-5877.34210
-4044.36086
586.85191
6735.18925
-3873.40066
-5262.42121
6932.33163
-3176.84761
943.76688
-972.27839
9069.30564
-7424.25858
9803.68724
7170.65063
9134.13089
-6669.85376
5819.00053
-2988.40933
1000.87862
-2976.34011
-317.46446
2475.84166
-4001.24924
9306.77633
-3165.40600
4063.90341
-8033.08520
-6240.39374
-8711.37359
7214.12385
753.56341
-4374.42118
-3935.37491
-5869.98499
-8518.65638
-7661.91914
-8256.19664
-1159.23509
-8000.05079
1116.83795
7224.87480
6636.30901
6056.61197
4826.47108
3443.52296
-8416.81195
4210.17850
-7686.04515
9137.50900
-1843.26521
1700.81357
9534.26565
-5980.97540
2981.30570
6927.55894
6097.45602
-6722.30391
83.33175
-3700.26580
5788.71496
5707.67388
4553.40776
873.82157
-214.77846
7763.39714
2505.43156
-8096.60387
6726.83693
3731.35539
4488.38246
-305.20000
5969.74393
-6555.80906
-29.11226
4114.70029
4663.77962
-5679.76993
1970.06035
-3396.73587
-509.57377
-4608.85414
-2591.72108
9556.04705
1915.04105
-9729.64678
-5741.92072
4157.92044
-8469.62621
-6925.42435
7531.53207
-6220.47888
4992.17717
-4577.28019
-5027.30771
-9604.74225
5324.84164
9845.04168
4041.71469
-5854.49353
4811.92868
-9456.65891
858.07555
-4352.19649
5692.92078
7554.68463
-9033.02154
-2810.43895
3167.54573
-8941.15122
-4656.18338
-2718.38921
-8973.63044
7699.34571
-8861.52784
-4317.54335
8315.17160
8129.94147
-4652.75492
-7795.55626
-3194.71673
-7047.05975
3643.15518
4439.60485
6883.53943
1702.22996
9236.04946
7806.73948
-6092.64878
-554.90597
-9996.09943
-2435.69580
-2025.19898
-1330.56312
4023.81324
-9696.70068
5707.99358
-5647.44090
-4826.20956
-8266.60646
4819.47927
1382.98613
1525.89112
-3797.12407
-845.11741
-2337.88473
-8319.39730
7233.30646
-4120.96604
2625.52706
40.79610
-7808.99746
-2141.75420
-7721.96622
-4511.50328
-344.45539
-1912.32788
-355.39375
-222.29672
4450.97835
-2386.61735
1490.84604
5012.32496
3945.06455
2955.14408
2866.34572
-6203.53475
-6356.59776
9127.02219
7368.15055
8569.71871
105.67888
5125.63803
3104.49190
-4711.58446
-5769.39450
5011.39727
2810.15508
-3772.37749
7080.87224
-5364.62169
-3714.80369
-3600.67953
9277.48397
-6746.89170
3482.19213
9070.64361
5866.00926
-4927.40506
-9543.44068
3350.92532
-8135.44205
1699.51562
-6665.24396
1269.50916
4753.74696
424.15409
-4297.92990
7663.08371
-6996.13055
-4631.69061
-169.57791
3118.87787
-9884.92606
9819.14470
3529.67996
106.19789
-3181.56926
-6381.32531
-968.63053
9404.42591
9826.45821
1588.59179
-8377.18832
5647.61931
-5666.47281
3859.34832
2336.77155
2546.95206
-5977.20976
1244.21670
5811.94674
-7824.72471
-8022.77870
-3736.18560
-1154.89707
8239.14038
-7774.46685
-5645.39147
2371.38556
1439.57633
3005.81619
7837.49300
-199.29704
7267.42934
-5129.60289
-3460.14767
3091.25745
-9101.32428
5019.03088
9293.99750
4341.02451
2189.76717
-1825.39805
4300.55643
3635.63278
5474.33752
-620.88871
3083.46642
-508.24216
-9991.23350
-947.23128
4852.90367
5148.18785
-5193.52646
9003.94937
2403.04486
6517.13598
9755.19190
7782.62570
-8830.87580
-2945.81416
1329.32208
9030.32819
2767.45279
-31.76064
-4013.43157
9722.83766
-27.86322
-209.81022
7645.94853
-4472.01807
-8134.56563
-6754.84255
953.78983
6389.99134
4452.40587
6516.20243
-1438.50745
3513.69092
3293.87690
-6521.75854
3214.43491
-856.02085
3763.97183
6433.61107
-5307.55317
-4823.41885
-1641.32623
7744.61320
2002.52745
-4807.13097
-4374.07845
5760.26442
-1661.76776
-5708.46075
2809.91885
-5408.23914
9805.49322
6769.70654
9982.95800
2854.11362
-5557.91557
7741.95020
-7571.57265
-4138.02265
-8736.56275
38.03179
-7768.22384
7308.46197
-9654.50722
2455.81095
286.82217
5146.67450
-4981.77268
-7378.86486
6106.83742
4507.46993
-6290.43943
7726.36813
9876.88077
9632.57800
-1307.21380
1387.40188
4079.90002
-7416.87315
-1853.35089
1416.25942
-388.81343
1366.99762
1521.65325
-4389.08437
7319.24348
-101.89490
-3905.96347
-7548.02232
-9459.63670
-3557.75757
-1608.61549
5370.58449
-7519.83011
509.26920
-4234.21626
-2766.38259
1675.08358
3415.93542
-6712.45283
231.97793
-1183.16811
-5535.42941
-9457.84531
3023.52160
-9618.21040
9426.49888
2306.08518
3949.49945
4640.68888
4375.44534
3996.09100
5196.36473
3562.88146
8742.48528
-3716.44868
8840.21079
3292.75153
-6231.03246
4450.64762
-2535.45582
4904.69205
8968.19288
-4791.16642
-1704.81866
5484.76362
-9746.38491
-4917.66755
802.22295
6275.28172
9332.95474
-4313.95305
-4867.06542
-8193.41251
9438.88039
-8733.82322
-5858.05498
8858.90359
-5513.11404
6388.17280
-4503.34266
-9853.53001
-1211.10912
8378.85208
-1068.65319
-9845.13345
-1607.55745
-712.71557
7717.98531
-875.51061
4866.65109
9383.42379
7120.01393
7443.77712
-6306.25541
9546.90934
2791.55840
4128.54475
-5880.56781
-4605.22330
-1501.51934
245.98730
-5918.55463
-316.21231
-9299.12259
4458.63090
7522.45141
1583.49336
8798.72007
2610.84920
7996.93503
-7830.71837
-7566.89218
-6411.10550
6696.72156
7845.24500
5827.19909
9229.45902
3325.22342
-5040.64869
-4826.03089
-9356.75532
-2581.50735
1921.65699
8734.34090
-7040.65513
9839.94181
5895.37556
-5331.55541
-7072.47126
-8973.29183
6694.81318
-1787.31759
-3194.69689
-58.63205
6728.57907
-9823.26703
3179.08217
-9263.72104
-8623.30606
5514.70502
-7905.81889
3586.14028
3083.43267
-6440.53857
-1817.16985
-2185.83751
-7301.67481
4983.43546
8435.60444
7802.14796
5724.69464
-8518.08751
4306.12792
-3583.00775
3405.57092
-7610.44710
9133.49278
4750.78758
-4299.09127
-3172.86400
9613.66171
-9783.75801
8614.85164
-298.03775
7683.66143
-4683.11734
8711.40522
5445.61307
6261.24613
9015.77122
2564.12756
1174.14847
-9511.86404
1005.54604
-2564.81947
-8765.01728
-234.71930
-9491.14660
-5934.26237
-4025.73621
1534.18619
-8693.24942
6017.68409
-2510.36464
8649.07358
-536.71099
-2841.94515
5278.18514
2785.88261
-5931.30006
4595.81269
4286.08592
-6524.07964
-3221.40226
5657.63331
5273.01744
-8183.79756
8270.41339
-1390.50509
-3277.40175
-1600.88587
-7799.12608
-4504.76526
5387.98331
-6483.12401
2251.87472
3565.04079
-9159.42296
9302.94141
5380.59210
8715.60381
1395.58243
-7220.19753
-776.88981
-2002.06975
1202.07904
6666.49394
-6985.91140
-4344.12146
-1833.87881
9324.32179
7520.46639
140.64471
705.34938
-361.84668
1534.23733
4081.98760
9632.65467
5626.72452
-5168.26074
9470.85851
3820.48906
7097.13569
-652.26552
5466.64589
6554.95959
-3412.86976
5974.70480
-236.12055
-5743.55754
-2718.23817
1072.34078
-4873.93533
-9773.55470
-5214.07013
6783.50620
6188.96074
9236.84947
-86.73955
5666.52431
4530.76822
1442.34578
6171.47435
4250.48885
6658.39774
-2151.50379
9502.63614
5462.12403
5501.11758
5282.77736
-2396.66996
-7897.06892
2163.51934
3352.13288
-5192.73081
-3400.42493
5934.35369
-2552.14320
-5838.82290
-7845.22925
9074.25196
1861.29228
-4312.88830
-8430.34852
-3881.77783
5011.71085
5345.70176
-1038.69324
-6183.94591
4430.89393
8757.82895
-3815.66300
3532.18571
4967.84722
3719.05249
-5035.30203
8674.32572
5800.58729
5815.84970
-244.58083
9725.58303
2859.00208
-5434.31689
1958.72314
8671.09108
8820.50052
6331.65317
6695.93953
-8793.87655
-6896.01577
-4054.84672
-2892.02898
8232.22139
-8074.97622
1641.39455
2707.42872
7391.25655
-6425.41328
1271.07777
-3391.11784
6797.86637
393.18288
9387.84256
9744.12495
-1236.07629
-2100.69550
-7471.71473
-1059.89177
3281.45376
1689.77052
7988.07698
-9013.91285
8526.75074
-3319.15720
-621.94753
1610.66063
-3506.90265
190.07104
1917.42483
-9801.13789
538.01045
8689.92342
-9458.51463
-3663.60055
-874.47563
9770.15861
7212.73955
9507.92715
1717.76293
-6250.30465
-805.13081
-6199.18550
-2790.57097
-3793.82072
-4897.29170
-7485.73174
-6192.72774
6435.55383
9120.31320
-4389.61941
2425.16999
2018.51989
8969.58434
-7622.56922
-5154.66582
4633.86009
6412.71690
-4892.34445
1733.17117
-9496.50745
1607.26464
-4702.76118
4206.96115
-4692.62246
2881.30899
-7011.25256
5822.13093
2276.30417
-7982.77904
645.88037
-1125.43454
-5955.01497
478.82138
9245.91808
-6291.70419
8848.19527
-5719.63080
-9601.78610
9660.21867
524.44143
-7958.45706
7406.41604
1402.64754
-1602.04364
-1598.49209
-8772.23121
-784.97096
-1701.61900
-6567.03355
-5060.16077
-1063.13728
4552.30760
9886.42376
3328.51943
-621.75664
4289.40933
-7802.02464
434.21860
9025.39846
-6186.38307
-8515.38651
4119.71071
8027.10590
-1428.72220
-4739.43070
-6149.81246
1989.20272
4385.80411
5726.03776
6234.67996
-9203.94211
509.59261
3971.72688
-8497.00633
-9701.58101
-8387.40376
-7247.57443
9789.20133
6792.43803
8473.72936
5274.04436
5278.27495
-6747.49793
6299.04100
4488.47779
8916.02053
-6739.29855
-3068.31664
5362.22817
5982.27182
4173.51972
76.64977
-2652.77816
-5323.08975
6086.11883
8117.67165
-8295.10004
-5023.43277
-3365.55454
-7734.70157
444.20107
-6965.46779
6393.64336
8648.12474
-3941.21794
3707.09026
9864.27501
5097.65969
-8227.41594
-6682.08814
7684.46261
9438.50147
-2810.08588
-2377.85533
-8875.96377
-7598.56415
-7850.57094
-5995.42702
-3707.49767
-3695.00221
-5630.04104
498.14113
8692.36917
7254.47006
-1807.39039
-4658.17855
2816.26871
9567.78299
1592.64458
3204.02117
7818.17751
3262.63024
6241.50675
7067.58363
-9984.63765
524.96851
472.35815
463.42019
9118.81668
-4113.57638
5105.21151
5646.26898
1280.59900
-5049.28382
-8104.00552
9570.39052
2690.58621
5767.11297
4534.98051
-4921.42269
972.31028
-3178.85176
4124.70354
-4822.40150
-6224.99396
8021.58762
-4759.63122
3013.74659
6755.36226
2201.88855
7498.06540
4326.98327
6247.47433
5792.36185
-4529.94688
-4813.90161
234.29798
6242.03126
-9268.44598
-5595.34658
6186.87882
-7083.74463
9569.77250
1612.62351
-1335.04688
7987.98875
-3944.24409
-7677.85691
5569.09721
-6828.30318
4859.98363
5179.07779
-5201.53623
-8500.63541
3444.48772
-7725.95405
-4836.77595
598.30797
-8990.15910
5501.66371
-5130.83365
3953.53571
8839.97176
6705.63159
-7836.34094
4109.95297
6464.63972
7903.49319
-6576.39551
9123.95980
8170.73284
820.95432
4699.23820
-638.29012
-8166.22063
-7808.30647
-2740.80889
-4903.97443
70.09944
-1911.14026
-7040.35033
944.63362
792.59296
-433.79405
-4372.81174
5386.68988
-2740.41719
9234.97508
8274.67859
1588.13581
9136.69219
8137.16147
6156.26416
6261.60241
929.91617
3046.53265
-6780.56299
4750.76613
5348.62311
-6095.79235
1319.85862
-9148.24190
-7787.04824
4513.50172
1678.95222
208.59897
5977.99686
-6193.97059
8101.78055
-4203.94869
-6596.67362
8896.42854
-2627.52591
6912.95523
-3431.73695
685.27122
-7490.85062
-1902.96884
7803.95402
-3190.07090
9694.31011
-1073.42508
-8303.36039
8295.39589
-9653.48928
33.05684
3310.23160
9825.06321
-6325.21538
-1013.26131
8915.86595
3716.43105
-4798.50216
7616.84500
-361.35518
-1171.91377
3812.55456
-5594.51393
8659.25809
6653.84499
-1342.56373
-4005.88222
355.14451
1787.81414
563.35001
-189.32113
9778.26937
-4563.49145
-47.11058
648.51869
639.28386
8259.17832
7743.43855
6592.40665
3993.49959
7819.37435
-6835.79737
-71.41029
758.10456
5784.49837
-9882.23807
-6601.00916
4326.83901
3470.06983
1214.90331
5172.21193
-8717.60331
-6953.55187
6691.52840
9275.83539
-4170.35469
-5365.59704
-64.51572
-1615.57926
6912.66528
-1096.62521
3930.92670
4008.96868
7808.20531
-7593.38974
2807.32110
7885.17376
-6303.50347
5212.94573
5212.32876
9755.98078
-2839.89559
-8818.48984
-6010.43963
-2319.93916
-6569.84316
-7744.54634
-5968.67373
4408.97212
9910.33097
4327.38331
-4535.61249
-4831.83745
5336.93456
2082.80735
1335.94847
462.49648
-9876.48722
5072.55993
3393.92554
-6803.01158
2499.19462
-7793.63994
8470.09910
6403.89930
-383.70872
7199.95051
-6144.22415
-6363.73440
5068.53376
4536.41082
-8515.81766
7125.13157
-4322.51491
-2520.98879
6121.98674
-3150.15323
-9830.14935
3213.04410
9273.86344
8921.39829
-3689.62348
-3503.63668
-7587.39431
-7962.14069
-1406.04058
-8911.68633
391.65503
6237.68423
326.75764
-6900.28157
1168.34502
-4238.25273
1114.24347
-327.31593
9189.58886
-3300.59747
-7119.66764
4739.96176
-8883.55672
9676.03819
618.50870
2173.23849
-2498.99263
3366.45868
-117.91432
6648.07506
-7834.34537
-4829.58574
-6247.80577
2026.37719
-2984.06768
8941.63797
-8781.49441
8496.11413
-2099.45377
4994.71050
6553.10226
-4497.61854
-1819.20939
1102.45981
3833.16439
-9686.60161
-6173.64794
546.57948
406.51093
5133.90054
3589.92351
-1241.08918
-2165.82646
9173.33399
6985.81831
-7281.00750
4798.71733
4041.87001
711.03466
-9041.91028
9283.14125
-460.43891
3973.44857
-8841.45938
-4640.82934
-1539.44678
-7917.05610
7225.19751
-4537.45368
-7510.56886
-6455.03646
9095.39355
-2511.73977
-3320.75874
363.27771
5982.24969
5679.65839
6473.68661
2272.30504
7552.30506
-6342.95997
-6211.31647
-14.86083
5753.60595
6775.63163
7713.95174
5846.53514
1044.78292
5936.63657
-5057.52353
4946.29774
-4946.55951
6182.34410
7184.39493
-5462.22433
-9459.12785
-536.69997
2286.87416
-1297.47607
-3776.77310
9961.98296
7534.29961
-3604.23450
1414.03846
1221.80250
-5653.70067
-9643.81648
7104.80118
-2975.38616
-6502.81343
6299.33595
-984.74532
3938.34436
-1955.43947
5038.74432
-4433.42398
7856.97475
2080.55206
-6346.85160
-6009.28013
1480.00997
-5465.00690
8508.98603
1926.37448
-6081.85885
4343.53250
2076.64053
-9467.18531
4433.70184
-1600.67423
-7476.65669
-870.34106
3567.62354
5805.24270
3982.52716
-8304.08542
-8483.34606
3606.59777
-699.79359
6394.83689
8658.08980
1505.72402
1585.63376
5779.57461
-1063.07934
9912.46948
5185.95143
-320.44517
-379.74468
-3891.98567
-118.28849
1236.89367
1592.76832
3114.26626
-9068.80518
1000.66560
2262.52882
-7635.92687
5521.92081
9866.97344
7128.44188
-156.94614
-6790.50649
-5215.28754
1065.23998
-9804.81499
4731.87323
7388.17102
161.01740
3705.98996
8851.07658
9825.82525
-5204.68612
9210.90777
2400.67679
3303.70598
4508.72032
9461.86607
-2756.88099
2199.04702
-2263.20622
-1214.99486
-2310.49191
-9453.45681
4891.77308
-8606.16917
-7505.14403
8987.11163
2830.86200
163.16662
-1468.82799
9204.38818
-1063.50948
-597.42871
-295.36146
-9711.31400
-832.72710
7704.51419
-672.30357
4094.44290
319.87088
3371.06616
-412.42831
-9796.45117
9439.86560
1024.29356
-238.38656
-9187.45165
3720.47573
8060.32689
-7066.37083
4355.67228
-1692.29063
-8433.70910
-8140.45952
17.46578
2872.68677
3862.97112
861.91162
-3563.66040
4305.50084
4720.88044
-1717.16142
-491.91448
2807.89955
-2702.83697
-4123.80468
-4563.65830
28.14958
5767.68736
-324.52275
4401.12775
-3127.59122
3434.12331
6970.95613
5295.85504
-7385.91657
-7647.87932
5685.29692
-3601.78707
-4856.72751
7598.49044
-1917.81428
-8002.17661
3879.95035
-6900.01651
-9219.40226
-7557.78688
7477.37885
3951.49045
5932.30496
-94.89073
-9748.62363
-9532.47137
-4617.60229
9196.50939
2912.92095
2136.65591
-6117.79027
-9531.42723
-5345.93279
597.25186
-424.07648
1372.70483
1470.81141
7113.73292
-7312.29258
-7258.10870
9529.52360
9705.13999
-4446.86887
9392.32653
6289.27506
9574.01637
-8220.64265
8615.05862
4359.30775
-6462.30339
-4882.56202
-6958.28768
6441.88094
4311.71580
-1669.67579
-7247.98015
3397.23074
5985.86115
8952.34048
3110.40331
9915.94186
-4826.26791
-8530.64994
5113.63883
-2582.83553
924.15754
4104.04530
-4815.19997
9397.11345
3083.43862
3157.40764
4271.60496
7193.80171
-4451.17984
-1897.07044
-6732.03803
3775.63932
-2858.80449
1022.29440
1865.90408
2029.16709
-3971.17616
465.36054
39.86268
-9958.00123
8783.28648
406.72333
9887.01271
-241.14424
-6072.69041
9971.75423
-967.79796
-47.76755
-8460.54886
-7116.71315
4491.61311
-5051.62977
-7289.09610
-8407.56959
9309.81344
2413.18241
4462.77805
-6690.06127
-5904.05159
1029.31799
8727.32185
-5082.86421
3189.58727
8159.78181
5751.87021
3562.45471
5887.05300
-6174.53181
8175.76214
-4024.76737
-871.05767
-9022.44015
5576.21686
1652.72758
5074.30736
-2998.05010
-323.35804
-8688.70468
2897.84653
-9984.59130
-5432.96167
1894.64025
-132.40711
-9894.47918
-9823.73677
6194.65637
-9992.88957
-8265.25253
8633.51252
3307.80542
3661.50636
991.91338
-3727.80631
1800.11903
8713.83823
4658.25120
-2707.42605
-6161.30067
-6924.55175
7503.63468
585.94055
7590.76557
-9727.77638
-2165.76633
6692.53704
1536.54880
-9783.18385
1213.01562
7341.00503
-9728.08813
5626.71636
-258.78513
-2160.06003
456.78850
8686.56956
6943.71950
247.64023
-544.28494
-7699.94445
-1410.79540
-6356.62369
-4492.45141
-4855.55311
3307.65521
9815.07122
6862.11270
-5679.65778
6372.35728
4161.08158
687.35418
4332.71657
7668.11061
3787.36446
6211.52981
-4932.22187
9859.63230
-2980.37088
-257.03040
-446.96895
6249.01661
-1214.47581
-1173.67074
-7005.64534
4117.39130
-6307.81821
-4067.10594
153.96077
7654.80861
-4693.81045
-6196.13325
-1347.76010
1175.16272
5566.55765
-4561.57625
3645.97369
7684.63023
8852.46516
-4837.30278
-6740.11098
-5490.26799
2277.65760
5331.65156
-1986.79810
7648.11988
-9996.84004
9722.88837
-8632.86692
3385.46251
9551.47421
6590.38252
-4874.87679
7083.00483
1549.66107
1130.21645
-4147.07981
2624.67991
-3940.90729
3576.43342
-4063.34781
-7578.70975
-4473.11375
1767.77501
-2993.19118
-1978.76919
-2148.41439
4776.93500
1056.17242
6944.92878
3405.53921
-6311.38341
7456.73629
-2729.74043
736.86896
-8661.76386
9568.83604
5036.97003
-9556.76427
6366.38336
-5788.14652
-2925.04254
-4405.02458
-577.63655
-3880.19909
-1544.95794
3492.19549
8856.17184
7519.39113
-2750.31179
-845.98410
7103.10350
-9141.22341
527.62180
6650.77879
-1983.25174
8471.74636
-1643.09049
4582.12294
-7339.11781
-246.35653
3540.12389
884.55614
-9865.44831
-4269.02891
-1213.27705
1408.41732
-6835.09124
-6059.65837
5899.82741
1973.36529
-7727.31897
-9286.48033
-7328.88009
3139.45522
3511.03734
-7498.95834
8163.59091
-3930.16999
5408.14793
8556.19139
13.35285
3321.54734
-7100.46902
4368.42402
4799.74735
8649.85951
-4993.15548
-5055.81744
-4862.57817
8240.06286
6296.18961
-8308.55074
-9446.41366
6294.28098
-7764.42716
-2564.00322
1550.87405
7924.62924
-6840.48884
9360.48764
-5945.28717
9742.36235
7314.59519
-3676.09050
4072.06048
-7480.66545
-9777.22690
-47.70095
-4748.23252
3178.24927
3589.95613
-301.21747
-6131.95927
-243.64977
-6778.45317
3786.60431
-5277.85044
-8684.80873
8843.94308
-3621.55577
-4032.42196
-8178.52048
-2040.09001
3075.70734
-2558.34495
-5113.93048
-1324.28167
807.40009
-2042.67293
388.18520
3267.68752
-4232.67210
-1966.89376
78.87748
-9892.37809
-7460.09828
4569.75910
-5828.12937
5946.31084
1300.82776
-2466.27044
8156.23633
2913.39401
7310.75090
-1537.85910
-4567.56692
6141.56024
-6077.84354
-4612.65303
-8681.23035
-6721.44088
-588.25782
-4982.37339
-4993.03684
-7500.31618
-2312.38311
5911.77947
-6293.19813
4482.51170
-334.98062
8993.23643
3294.85785
739.65746
925.92869
7600.70532
3194.73419
8201.61162
-4861.36381
3404.78876
900.34448
4370.08007
-5731.75715
-6620.72608
-8354.87201
8921.13040
-1918.49885
2862.06193
-1876.20026
-8486.68384
-5722.39301
-6217.07172
1471.75044
2226.73182
-9387.22220
-976.90064
-2681.52107
-3288.12836
-6731.33421
-2604.39670
-3570.36419
-2105.82994
235.65194
-1010.76542
-4718.38609
-9991.15624
3046.51777
-4958.80460
-7133.29338
1613.22544
-9398.04125
3180.78458
-3162.86371
3211.54120
605.14888
472.75870
476.24088
-6228.92359
-826.30485
-5794.60505
-6435.31993
7353.78129
-9247.77759
-9407.22504
6263.80723
310.61199
-7013.92791
-4693.93203
8286.01685
9813.09740
7340.00426
-7501.55850
76.94475
5619.14015
-2973.07138
1028.95259
-1029.66385
-8319.86851
-4028.24666
-6518.81029
7100.28955
1600.06426
-9168.83816
1263.26240
5338.33288
6781.83462
9864.66513
947.45034
-2159.26687
-1000.93194
-4270.84024
-2732.43287
-7857.16193
-1100.48105
5377.51025
-2144.10619
-7349.63042
-9811.34681
-8777.63052
-7854.71362
-1852.58598
-6785.85030
-6210.86503
5042.74584
8748.15273
7074.08999
8791.49766
-967.43961
-7054.18792
-807.64461
436.34870
3510.57817
2231.63901
1505.31096
-2540.90771
-859.97701
-475.86540
-9644.61979
-2270.32472
7178.52106
-7860.84071
5130.28892
2000.44277
2621.35900
4431.47186
-1733.37289
8253.06033
2574.81716
-9236.55004
3544.21793
4211.66730
7013.60413
9330.10447
5319.75244
-100.79731
584.72416
-3627.04119
6749.87619
-3530.54972
7970.32568
3540.88259
-2660.06874
6243.77575
1746.44970
-1620.91678
-6055.80749
4070.13185
7231.56226
792.30432
-1534.85486
188.57711
-1507.34402
7865.07912
982.31347
-7590.22695
-9664.28956
8800.60385
-4212.41954
9648.90247
9267.75870
-815.52530
9516.58040
6243.07135
-974.49987
2862.99937
495.36810
3372.88589
-6204.51152
5811.47831
-9748.33208
2830.67223
-5716.72126
-6223.35043
9563.69138
-9066.41705
-4059.70559
9855.47378
9717.95386
-6410.11741
3214.49137
-2126.39552
-4281.30436
-2026.56684
7991.42306
-7407.21023
2150.29527
4594.01070
7858.15756
-9612.00566
8745.97398
-7284.23766
-3053.22445
-1870.38601
-4687.91895
7750.49220
-4831.09292
-6326.48502
-8018.36339
1373.69482
-376.30046
3666.42851
9292.94331
-2776.67326
7394.57018
5687.71654
-4641.06338
9570.50623
-9646.24644
1876.59517
2286.02529
3621.27251
-8318.56728
7268.14843
-8793.68954
-1679.93137
3626.63245
-9853.89994
7470.46668
3811.95834
818.56135
7866.51814
-9015.18409
-9357.29976
4991.75065
-7591.48583
7616.44390
8350.32048
1877.26935
-848.95738
483.81455
8537.00262
6835.19735
8186.96905
-5154.81228
-2751.95344
8385.91833
-2505.49770
7107.25308
3208.20551
8607.71979
8178.23067
-1977.77262
-1980.98153
4011.12132
-4055.93316
-641.26417
9882.97231
2189.96133
3558.36571
-1343.30451
1301.10099
6281.80684
2194.57385
3372.68586
-4496.97723
-5362.98693
-1818.34148
1897.94798
3571.30210
-5960.52238
-8215.66446
-6365.85865
4921.45132
528.36202
3797.30315
4121.14301
4025.56498
-2285.47796
1720.79030
8933.33210
3010.30824
-9738.62019
6712.61382
-7567.31818
7979.97393
1705.70946
-7137.59141
-5861.29782
-5920.47024
2931.08578
2645.58060
-4022.52438
3944.45038
-9860.27622
4553.83366
7795.85721
6291.08686
9424.27157
6650.77481
-3599.31211
-5250.12532
3663.52777
-9208.48005
-9958.91315
-8948.08181
9628.73748
-6096.36293
2716.89016
6664.64360
1016.87282
-8343.66932
7005.95918
1571.32055
5573.59120
4721.17626
-3305.03173
9731.32020
5107.54145
-863.12947
-3212.86941
1337.07523
-7231.61847
3616.37493
445.20484
-1157.65298
3380.41246
7321.01153
8613.19127
-7702.34728
5217.56547
2152.54869
-7801.23566
2250.06198
8035.11660
-674.54701
1038.24401
883.30181
-7630.27588
9055.34909
908.06377
2898.35587
9732.46344
3772.12644
-1493.50259
-7262.82644
-8068.91467
-9591.12024
-8140.51778
-9708.45480
6898.36939
7381.89444
-1622.54574
8299.01174
-8213.05760
9655.61946
-1723.91564
-3852.73677
-1823.75759
-6430.78823
-9266.41540
-9496.66130
-9361.73111
-6652.74493
-693.94928
3680.24447
-2350.38494
433.64551
-5.24050
2218.15944
-2949.91012
-9290.02408
3512.59315
1404.94251
2173.18606
-703.76143
-635.89921
-148.18812
-793.53682
-670.88370
7684.20825
-9985.51188
3831.02945
-634.06259
3100.07899
-2528.57853
-5344.22459
-2678.92341
-8750.01348
-1965.03030
9829.10461
2975.75947
-3406.70777
-5382.19695
-3610.89963
-8966.97865
-6625.49832
6762.46393
3616.98589
5777.19032
-3718.59183
-632.98688
7286.73619
-1631.94871
-2696.20133
2413.75514
-4859.28440
1313.07067
4079.22081
3481.38983
-3290.95489
-3526.01224
1937.44093
-4526.56759
8316.86901
1611.85009
3042.92143
-6531.13102
3924.30036
7336.23952
9896.56336
-2031.46896
-8674.65191
290.43779
-5645.78194
2822.74116
5556.73454
-745.33554
5968.61905
2638.32524
-3788.59975
5531.33008
-7729.53883
6954.66059
-7614.35738
-1050.87969
-8901.32692
-1667.70110
3130.51809
-8954.40738
-9244.00672
-1517.08964
6482.44557
-1867.13849
-9078.14693
6877.24506
-5601.34699
-9039.56552
-849.98797
-3073.65087
9367.26562
2712.06901
-7085.25208
-1703.44602
967.30178
-8884.86590
8814.36208
-2240.59541
-7010.16964
-9797.41688
-8568.33058
-5927.54298
1854.76771
-1654.63627
-568.91390
4879.73476
5796.99479
6663.50255
7731.12801
-7866.13820
-2377.71102
8736.42766
-9957.29195
886.96974
1442.71459
-1773.27484
841.07354
149.60343
-7880.38178
-5677.28589
-7889.36527
1361.18590
3762.77283
-5949.82395
-8312.87075
8918.58507
9002.38251
5757.91086
9099.71244
-5507.40440
-5215.64592
1263.90918
8042.33069
-8490.27250
7515.57750
-4570.56014
-5965.09308
25.74950
-4764.78441
-6960.40293
2634.33243
-3091.42615
1661.97896
-1618.49617
9059.76698
7973.58814
-3701.50367
-1005.27801
6055.16568
5717.76629
-430.95823
5070.91686
9987.81577
-8941.95255
265.27798
9633.89668
-3090.44807
-5890.69621
-4979.62695
6601.46895
2957.93230
-9347.23408
1931.99438
6496.27594
6814.19865
-8143.81385
-157.21929
2719.13345
2693.86181
-7141.89358
-7777.05809
4422.46864
-5894.00290
3615.04244
-6275.77880
-2685.14240
7365.62085
5349.14466
-6204.70308
-5983.44034
-1948.82587
2775.92963
9423.70685
4602.47569
-9351.70572
5557.56141
-3063.82378
454.61534
4573.44003
-2780.33731
8609.63939
4092.18640
-9100.82360
-9835.76921
6672.85329
-7075.65520
2483.47230
-9331.95929
8850.93207
8653.28231
-3966.04899
-1372.62792
8854.39245
-4715.78656
9126.53924
8144.07514
-4023.82160
-5026.74746
7372.80323
-2514.84103
-2066.23024
3262.64258
-3704.45454
-7916.59926
-432.11548
2175.33236
4263.79308
9605.67160
-9070.62078
-238.11540
-6227.82756
-7722.16913
8895.35377
5949.84501
-4206.28700
-3005.33751
861.73496
-6199.45508
3683.53675
-1921.80996
1895.58394
-8494.36684
-5448.99265
-1251.32572
-1416.82871
-1281.25951
8261.86368
5774.19963
-7908.22222
2726.14949
-5110.42437
-4202.73245
-3403.87153
-6146.36323
-5333.10851
1035.53168
7727.47845
8439.06386
7808.10253
2639.69416
-9763.70912
4297.79200
5792.41398
8976.27096
402.27371
1350.25968
1658.76413
-6430.04889
122.10048
-7467.65366
-8410.70514
1802.85626
-3716.48269
6659.80752
337.72418
-4487.81953
8455.80357
-2743.60201
-828.96771
-6593.90262
3091.37221
-283.24465
4749.00029
4738.31185
7083.47394
-1978.32945
8172.30562
5685.63661
9592.66856
-4654.82548
605.74213
6132.59516
7577.44390
-203.84588
221.22518
-976.46489
6499.35517
-2564.23873
3264.56853
-7491.00630
4275.50403
-7579.93284
6779.09318
-2590.53650
-9784.61175
4921.13376
4385.73760
6450.76399
340.44777
-2070.60859
-166.26402
-97.89066
9240.23737
-9243.01343
-8390.38158
3409.47891
210.74236
-3800.34748
3187.96635
3438.42013
-5834.07115
9676.46465
8503.87379
-46.19153
-8318.33578
-1841.53277
-4199.49941
2047.96437
-8475.15151
-4335.19003
-1227.18272
-6398.32201
-152.98977
1433.96856
-8982.16424
-9021.76015
3837.99296
1558.56203
-2091.84893
-6934.44374
-2049.00469
7066.28883
-4624.01760
4901.19347
7102.16078
-7087.21472
-1924.75060
6402.08860
-9080.14106
6386.43542
3912.94347
8881.70784
2128.85382
5490.70981
6237.72210
-6342.14276
-9663.38025
-2361.75816
-2146.73206
7454.45340
-3696.55558
-5998.48896
-6096.38055
-6968.65997
-8232.61656
-1317.71155
7952.07072
-2266.74558
1025.97036
9013.66313
-8004.33311
-6570.41303
-4445.89060
-8595.27202
-7976.57523
-8891.67121
7828.70942
-5576.06424
5319.18880
4287.67126
-6698.40537
-3179.17198
716.97333
-905.50253
161.59022
-2312.30606
-395.07330
4704.31796
-489.72096
2882.39617
-3802.31907
5351.48460
8876.23240
5080.23143
157.79790
-5062.31408
-3234.66574
5054.33716
-2568.96698
-6396.50072
8218.23921
-7593.46854
-3895.86060
-7008.97756
-7358.80558
-8931.86425
6332.16731
-7967.37525
-8148.47313
6229.58037
-5787.08620
9492.55352
-2714.98952
-5309.43872
9663.55211
-7895.47516
-8152.66558
-6064.59613
-3876.38418
-8398.59483
3593.71916
9056.28618
7269.72316
247.54764
-144.68512
-3180.64095
-7932.45843
6973.83022
2111.68534
-4515.35185
3148.54168
6279.18255
6453.37648
1225.87954
3743.41646
-6352.55938
1182.03783
649.27139
2817.99328
-2082.75657
-7540.59823
-1302.21119
-2842.96018
2845.96503
-7289.94095
-7979.37054
9966.61247
-3884.99405
246.91843
3422.55155
1861.24288
2206.96060
6533.87949
3213.24277
-2824.15270
2089.67306
-6204.67736
-517.37987
-6181.04318
3051.36964
3052.62504
-5794.91070
7298.95480
1097.95008
837.98109
-761.96252
952.62874
7771.34852
8830.90948
-9055.55848
9296.93810
-4000.38037
-2950.73867
5681.97836
35.93423
-2374.06978
1596.62310
-9090.47711
5774.15939
-6722.70164
5168.44288
-2818.82594
2386.85469
-8364.43282
2143.94958
-3860.77998
1059.50093
9887.87157
8743.95457
-925.43745
-5678.32145
-7268.22410
5545.83875
-508.59949
4253.55770
8914.40298
-8172.14884
4408.76988
3694.41067
-1064.61216
8666.37909
-8440.65228
-4677.29643
-3433.64532
6925.11985
8834.26293
-8686.18756
-9409.90744
9082.02824
-9993.16672
185.39415
2714.52783
-2839.72444
5239.51428
1334.13068
-4149.92351
867.56139
-5302.02987
-6328.72030
-3445.08915
7038.95506
3763.62915
6711.31681
5947.91448
-4726.93379
-5056.54765
-2291.52680
-3087.68344
-985.87716
-5828.73748
9190.31757
3360.45304
1679.66751
7100.39228
-1779.24344
-7839.51125
-4197.39193
-4228.99103
7731.16912
-7579.23244
-4252.46966
-4444.80515
2351.93517
-4639.44257
94.25862
153.74826
-9392.77959
6710.03779
3395.23887
-5731.60963
5458.32399
429.41224
-1984.97111
4700.53636
6536.66511
342.82839
-5091.79978
-6494.20304
-8464.85607
-3224.00490
2197.44748
3554.53278
4377.32950
6731.30227
6888.13840
-762.39483
2988.02190
-6631.13138
217.76640
2041.94081
8808.84256
3114.96037
-5351.01961
-6936.85900
6998.32673
-5040.10432
-7451.47938
5270.14400
-4258.69211
2831.48164
6940.91382
-2225.85684
6693.10782
-8450.79664
-1463.74137
6771.26209
4889.16878
-4264.26452
8585.25913
-725.23372
8383.72998
-1884.87892
-8777.24963
-1836.61804
-3454.52073
-986.28695
-9805.37682
3582.98082
4558.93315
-6712.31191
-8340.69662
-9210.46864
9707.55343
6631.79612
5575.92879
-2122.01998
127.78347
7762.45334
-4218.88530
-1891.35006
4245.52634
-4996.32097
-52.24408
8827.80861
-489.70216
-4549.40604
-7356.89588
7201.41188
-7372.20185
-2451.13509
6626.32141
-565.85246
-4723.26357
-7382.05101
1321.39854
-3761.19536
2999.40642
5527.35734
602.65152
-534.59338
-7666.92559
-6943.58916
-1162.52776
-9286.63454
-6251.84970
-7606.62900
534.05125
4905.14431
5327.32191
5818.32448
-6827.66655
-7223.74791
-8172.60984
8483.32983
-5211.70669
-277.13143
-8635.65610
-3163.26262
7239.31237
7878.34974
3458.00684
9743.58595
-2057.40676
-4870.41178
6477.89145
8112.19337
1694.90266
-4245.73808
-6333.47694
630.58266
886.20369
-7875.19199
-1570.83880
2321.92830
-1477.79598
-4222.24407
2523.50358
-5238.45104
6872.39831
-1440.70956
8618.11624
-7376.20274
-468.30586
-1305.26647
4014.30557
-385.92346
-4662.80381
-5187.03315
-9436.60893
-6373.04800
1791.67694
-5598.07366
-4503.05830
5505.98287
-5282.13111
-7753.71467
-3507.92566
-6287.37428
-9377.96889
4517.16529
-585.17838
-4287.91379
-3252.62567
-5488.47618
-8715.14914
-9066.85982
4565.23039
-9026.05741
-6481.22705
8206.14911
7294.03859
-2820.08652
-4271.04997
-8274.20308
-8759.03432
667.41836
-8713.20345
8991.38483
-8894.03345
8686.63284
5494.96887
-5973.22337
2384.99583
-5832.76971
-701.09925
283.46852
5400.06338
-2432.33331
2754.41204
-3766.82657
5771.12137
4054.25110
3385.67559
-353.92577
6409.16114
2606.78851
-1806.11337
8519.17400
-1700.15834
-4794.22799
6037.69161
4545.19306
4639.23015
-1489.79329
8613.63011
2247.39839
4856.14220
-8055.27947
-4662.01374
6847.93155
6278.98049
-2560.12769
-7634.20652
545.57629
-6043.79732
813.53325
-3936.44615
-7550.79812
-1834.17010
8516.95192
7350.49130
9921.57017
2561.14952
9163.76715
9912.37239
-3414.44955
-7416.01644
642.03306
6366.35367
9087.88693
2096.48971
1613.62306
7639.54152
-1945.91340
-7093.37511
-3494.65888
3026.89920
3759.55749
2983.80033
-2242.56348
-1311.03874
-4980.87240
1463.80255
8030.86998
7204.69380
5107.45116
-42.88208
8428.39511
-8940.58402
8228.04242
-6187.97772
-6844.49727
-5639.61948
-8628.29214
-8623.66458
-9531.72172
-2419.54208
8263.29839
-6442.12159
5474.00520
831.69624
6705.50338
-1126.42745
-6834.85986
2050.05101
8535.21002
6064.54560
-7478.94739
4273.18718
-1554.14984
-9040.62445
-3274.56890
5088.07034
4521.39665
-5339.36335
-1560.49651
957.47632
-5063.98144
67.03050
-6919.96982
5817.31331
-9581.11648
5419.58708
-7376.47642
1431.09325
-7956.41864
5195.59162
-5946.20363
3919.62005
-705.05662
-4904.08251
-5738.69154
4882.52913
-8133.60405
-4584.72651
-725.55094
6376.21254
175.46670
1528.00609
-5293.04234
5027.36972
7419.66924
-4032.91105
9911.16817
671.01988
6766.39057
-9953.47338
7367.13207
-4391.06313
-7342.52719
7990.23829
-1731.73716
524.26029
8092.36682
-8915.98624
7698.40757
-3265.26034
2014.45669
-4921.77329
144.93071
-4211.76659
2657.21216
-3220.22146
146.19427
3863.87363
3277.21115
-9618.47868
-4429.36520
-7221.74383
-5753.02855
-8279.89220
-3826.62037
1864.82183
-6639.15333
-3989.40372
122.61938
-1523.37590
-6168.94426
8271.10106
5846.96604
-303.57739
2334.41450
-7256.55820
5261.08756
7439.07282
9313.55605
7174.04118
6032.61890
8564.93020
3666.68216
2728.46514
-9305.35978
9342.10931
1331.79005
252.17149
9246.64263
-6916.88896
-1599.59182
6466.25094
4259.65025
-3217.60162
5910.05585
5279.89561
2340.99563
-6630.72413
5308.87273
7891.16231
-2507.75002
-6764.28302
-2252.39997
-3319.93108
2511.05437
1623.76968
-2680.88639
8633.70643
-7201.30084
-4975.10149
5248.80712
7706.50591
-8541.22933
-5155.66383
288.03644
-6118.29961
9135.55014
-3913.38654
3903.19446
254.92824
9935.06976
4594.96009
2633.72574
-293.94324
9873.51816
-3081.65225
3212.11991
4807.70407
2214.95825
-3750.08720
-822.33560
-2987.54961
-2108.20054
-3393.36550
7798.95913
6674.63987
-3917.96356
6652.91414
-3204.17766
-4041.20881
-4703.75192
2911.04220
-6888.09406
5712.93393
2245.04428
-5102.82758
7461.90760
6066.27410
1177.68391
-3977.77496
1681.73419
581.21101
-5482.77466
-1460.14453
9100.56032
4769.54025
-1214.52729
4262.32453
-7335.28238
1568.94949
7173.01262
-8370.20795
4122.66224
-1367.66689
8589.66515
2415.80616
2948.20504
-5217.22059
5179.27640
-6109.79603
660.42132
847.71829
7697.03965
-935.98685
-3994.07776
-2850.56830
5948.37890
9408.52803
7505.71094
-2993.79174
-9030.90511
2002.80811
-7522.71426
-6172.97861
5575.33984
-5182.00758
-7176.06673
-4827.74896
-7849.66263
2207.70508
2349.06470
-7863.93497
898.11166
7173.00973
-4467.20520
-6086.60379
-8243.36892
9407.75404
3059.76550
-989.18587
3260.57758
7579.12965
1081.65323
4482.99183
-5024.99377
-3307.39176
7549.48993
-9504.12299
7680.70513
-8306.05962
221.88228
-7552.98288
-368.37206
337.86674
-7632.28350
-9741.36373
-4589.51778
-6641.80524
-5347.12344
5790.87414
1232.06947
-5747.95598
-9187.40976
2610.11898
-4995.24371
-5274.94491
7728.98833
9504.07409
8108.83321
-4987.09399
-9085.88181
-8357.83640
6270.02992
-4956.10015
-318.14300
1763.75325
-7359.74936
4205.21345
-4300.14575
5037.53868
1106.29053
594.59656
-3854.07773
-7910.57506
-1167.03865
4690.95640
-7638.11697
-7622.02611
-9058.74632
-1532.67874
-962.59293
5215.83318
7940.14870
2484.20772
-5867.56648
-2418.37047
-6979.71461
3683.29912
8389.62974
7058.60301
-5996.55584
-1895.79752
5599.18821
-9628.18787
-8747.46694
-1882.14899
-9707.65870
-1119.44388
5409.66210
408.15211
-3596.44361
7110.12711
-6355.27105
-6933.61699
4217.55021
-5939.77625
-9243.63925
-4209.29635
5964.33478
-9396.66053
6690.88821
-9963.26613
8208.46512
546.76026
7867.62714
5431.70735
-6510.97913
6289.98843
-1550.53145
405.49630
4124.79008
608.78617
-2005.60555
-8371.53077
9029.92332
-6400.24352
8125.81869
-9267.11794
3779.71636
-3412.59967
-1523.98565
-9401.59533
8388.90826
1834.60865
100.73117
2981.33061
9288.07803
-5096.70848
-4354.68089
-4435.40116
9985.62605
-8613.85219
-8234.11387
-6914.11109
-6056.15814
262.30841
-2789.00871
639.42271
-2944.61557
3647.34629
-628.49555
-4734.18128
-6996.19766
3839.39707
3214.82372
-7797.96853
3441.04359
-10.72893
-2045.04853
-4126.53440
-5921.38043
2476.02466
-6650.35491
7446.16930
-9088.25105
8054.80094
3693.72717
3552.81114
-2089.48795
9686.97119
8792.94439
-7390.48601
8654.98316
6120.44775
3717.56040
-779.19910
-6663.72124
-7332.78451
4730.49901
1772.67421
-7683.15696
9139.07912
-6385.72942
-4643.12907
-4788.36631
-259.35868
5248.87112
-9523.60524
9731.39631
8561.78349
-4142.35097
-8670.23098
-6383.76147
3251.91495
-3693.97457
4761.55717
2608.64949
-1619.34252
1747.85961
5286.59958
714.92696
-3537.39144
-2585.79423
-1662.12660
-5276.83646
1791.94098
9753.84881
4827.97973
-2727.12881
-626.98067
-5159.99154
-7202.19761
-1.5

