1500
405.66963
3865.36944
5192.65056
-6506.88085
768.23286
-1651.74218
6336.34568
9118.06127
4966.81490
3634.68240
-6874.36197
3864.33232
-7086.76050
9223.94276
4097.58921
-4452.18752
5949.18435
-3956.69032
-1228.68060
-238.42970
7345.22356
-1795.24330
5297.79865
-7480.60586
-6154.07665
-165.44124
-6809.06111
6570.55581
9101.66634
8017.21656
-304.90940
5598.76771
-2874.76914
-5949.20684
682.90589
595.22190
3497.59495
9805.89199
7969.12423
-2091.65147
6845.20844
1576.82422
2114.22134
-9191.11125
-1161.90756
-3270.06282
-9705.78755
9504.46844
8077.56454
8251.59098
1589.85285
-2798.98359
-6328.56397
-2862.62523
110.46740
-1519.42328
878.56461
9584.29526
-7981.96448
7902.84190
-18.94528
631.02613
-6315.56500
7578.93156
8737.21996
3418.21765
8511.95076
6742.16187
9369.63084
-6911.68391
8269.12584
9893.76652
-4633.10898
-3969.12341
-8776.79396
-4295.43949
-9327.67697
-173.77018
-817.80143
3590.49114
9268.13283
-474.42220
4698.23479
-4818.50322
903.66079
-2942.63374
5804.82916
4481.28627
-6694.36905
-8612.42418
2267.65035
5403.52341
-1906.81275
6405.98926
-3178.11984
-394.78006
-480.67180
-1305.37186
4702.14553
4063.06815
-8754.95424
259.81989
-5195.48716
8686.26816
-2081.65847
9124.20701
5335.33201
4404.99018
9413.74903
-9922.25911
7797.19295
2016.35567
6546.30142
2825.37754
2173.97092
8830.66908
825.19975
3807.95918
-7243.03978
-4669.10359
2365.65164
-532.07125
-256.98587
7988.76341
2607.98617
4108.99754
-6167.07801
-5548.94350
-41.09320
5086.46219
8884.00194
6641.37146
-8054.22451
8767.47097
-7782.72346
-2358.07835
5136.25754
2919.61846
-6486.46063
1798.14323
2085.08281
5469.78656
-7981.18491
1466.74533
2748.32610
-638.05631
-5260.93819
5833.31684
-5887.95068
7228.65223
-4561.20151
8950.57638
3752.98659
-6312.57629
8952.37297
2618.42299
2775.16028
-7453.93743
936.03661
-3844.59603
8358.98881
-5297.01783
3969.40606
7646.18444
8238.73293
-7122.50554
-5617.80771
4260.95138
1692.98330
2721.42221
1732.32353
4291.57742
-3640.21046
1927.42549
-271.59460
1012.46708
-8810.91721
5083.14796
-8537.83276
6933.77887
1648.34919
-1544.06102
7621.11373
-2038.12131
-4901.17425
2473.51069
2237.93716
247.21942
3895.79809
1097.11139
4138.99464
-3287.73308
2773.66458
-3879.93358
-402.45642
15.08211
-9956.04097
9571.18889
2931.59001
6113.59050
1614.83218
-9471.70901
-8855.38876
-9412.45639
-5409.08710
9863.18909
6981.58804
-7765.97045
-5147.76502
-875.26766
-448.43452
-4129.97375
-7820.99708
-2901.71410
-6953.88622
-1586.60103
1828.61687
5976.34385
6396.00059
-1228.76116
2035.92171
6346.09973
-5272.92638
6748.92618
-8777.55145
4632.64472
-5935.09459
-996.52462
-3896.53805
-9817.95614
-9915.75549
-7678.65609
7251.33576
5070.70336
-9348.48189
8433.62097
7013.79579
-7530.30393
9564.72765
-6841.47243
-1828.87686
-5842.92789
-6934.85261
2983.70951
7591.13784
4396.83022
-6551.39383
2982.99590
6752.17081
7344.88517
-9615.13702
5773.97869
3977.35952
-2024.52905
-1107.64378
9536.22612
4374.71707
-4524.30954
-7751.83628
-2589.54821
-6097.17425
-2472.86711
-6506.30285
-2116.87770
9006.84487
-2475.25549
-6541.53649
8099.38839
-3838.83242
-2777.29020
-5748.09603
3789.14934
-1196.56339
-6570.55105
-6819.72476
3461.55728
6681.87880
-8672.32500
1521.18951
-1380.51298
5405.17236
3174.85082
-1458.78466
4658.42470
-5271.05955
-5458.09511
6259.38944
9037.44256
-7792.74151
-8001.08748
4558.22302
2547.21409
7368.82608
-5935.92682
2773.95355
5386.94170
-5661.84906
6280.44014
-3513.52677
539.57825
8168.83470
7440.10738
5762.80072
-8458.66628
-1142.63784
-8771.68615
139.27414
2851.42443
-9963.55409
9520.85980
-6466.56437
3094.34282
989.06570
4980.24429
-3857.57520
2309.52549
-1891.20737
1977.62611
-6864.97746
2282.58049
591.34322
-9798.73252
-3313.07758
-2043.89521
3423.42487
5519.75558
5011.76352
-3439.15658
-6923.55817
-8145.72176
9046.27908
1632.38825
-4137.14342
-2552.71479
-9962.88429
-1819.44385
3384.59943
3312.55073
-5153.85122
150.83752
-585.79096
5208.76889
1169.75408
1269.59186
6081.99144
9055.90017
808.85607
173.69632
-6646.45701
-7354.23902
-3544.13289
-9335.02993
8843.69497
3955.25515
-7931.13797
6776.87026
4705.28552
266.95192
-6066.93514
6172.48768
4445.10972
7978.23974
6266.32561
-4458.33316
-4226.58175
-8240.05729
1227.56597
-4412.41753
-4381.50243
2613.59538
8039.16211
-4353.85424
-1295.27638
1987.25843
1120.73121
5899.00910
9285.69918
-1821.72767
3595.05757
3118.19694
7308.92066
2544.39370
5271.55596
689.08587
-7611.53505
9470.77305
-2330.51782
3080.37899
6917.67705
946.04515
-6555.23988
6757.98047
-8340.68778
-1129.76999
-8014.58887
-8588.33331
1885.52396
7809.46260
-7167.46677
419.34626
-8096.37798
8418.09592
350.35842
8547.80271
-5754.32134
2286.82462
-6840.66679
2343.19432
-5249.00805
4746.43106
-2664.39912
-6711.19467
-1553.86452
7077.69741
7296.82633
-776.49104
3091.53417
1557.60145
-5179.98847
-3376.87015
-7463.51642
-7499.80603
-6768.73834
6623.01227
997.77910
418.95514
-8140.31932
362.60503
-9683.60734
3643.14990
2084.33326
3429.86816
-6337.83308
-877.96978
-6446.77364
9139.17044
3271.34185
-1544.73458
6216.04801
-7028.75027
8345.84198
265.56197
-2344.59155
2640.92627
3491.11025
7460.19713
7664.00422
-2745.85012
5541.25594
5777.11147
5709.85365
-9354.89783
-5785.32365
-4291.57451
8062.46142
1501.51498
4963.93984
-6759.86904
-6853.73011
-2152.18761
-4973.93272
7346.87360
5344.03978
-748.34634
-8224.19335
1280.74296
4131.70540
4327.54529
-481.91649
-8781.83140
-1094.86578
9631.15068
4649.03576
2214.84468
1839.93708
8778.78130
1460.52635
4871.50264
-9352.27765
2682.45749
-1978.45516
-1308.45808
3482.83043
377.07427
5707.37839
8292.57649
5258.89014
2724.34600
6325.62946
-7253.82352
3130.37409
2900.59543
1118.14674
3898.23206
-323.47210
-5219.39228
123.59345
617.31555
2358.89735
-2476.84124
-5622.85967
-8210.61247
-5884.54370
-6831.62620
7537.77861
6940.54424
-4489.34276
-8990.18554
-4120.89375
6780.45452
5244.28781
5034.06557
-4267.32924
-5928.16673
-8061.99759
5355.07788
-8136.53096
-3614.91906
-2397.64260
1743.61384
2224.16732
2649.03329
8591.82926
-1926.50734
-906.75068
-1091.06379
3886.99360
7616.52320
449.49343
5825.39430
-7355.95511
-785.01437
-755.15930
5201.97336
-878.82993
-7548.99921
9178.53321
2225.34593
1202.19353
-1119.15153
-5937.91885
190.65936
5275.43132
-6812.14139
7306.49495
1302.50523
1115.27113
-4747.74148
-1596.53279
5431.42059
6838.81576
-809.46187
-1611.90220
969.46562
7188.28212
6307.03203
7610.24766
8389.80531
-9770.54786
3892.05739
-5826.70100
7078.07436
-5202.20106
4701.35182
7144.77246
-2293.23612
-9699.53616
6764.17985
7168.36288
4090.40102
-9372.50053
-1596.51924
707.69232
-2236.69193
54.87581
8524.57545
-4039.64723
-6619.07432
5589.88233
670.48272
-1616.46118
-6572.24466
5468.40511
-3439.93203
5429.14548
6618.34967
-6074.05103
-5925.16529
3681.76407
-8965.32309
-9681.88727
1373.59036
-2190.58730
-6853.26076
-6467.27087
-6548.37085
776.80913
-4971.35209
4618.12019
-6497.09788
-4985.76711
1610.00963
5319.38622
-3029.91685
-755.19851
-9964.73256
-7564.02250
-4633.08797
4940.99029
-434.07457
-1365.04266
-7674.82308
8530.87862
9213.02555
-1399.31220
-9006.29714
7360.21707
2601.48065
3007.22792
-1813.21676
-9955.78886
-5999.63138
-9831.51606
-3580.03538
8073.94583
-1475.08295
4415.72321
-8664.67226
4641.05011
4218.52684
6254.50553
-4025.72553
4420.50417
-6580.99010
2904.95098
-8541.90914
3750.97372
-2612.42454
-8780.27320
3462.62193
-3644.96035
-9035.14285
1026.14973
7722.39746
6946.29880
5234.82587
2075.49852
2327.53162
-1408.85412
5086.73181
306.47343
1456.75312
2034.57558
-4751.71150
707.87049
-8942.63591
-5156.51028
-5051.82222
3318.77274
-5586.08591
31.46656
1967.74096
1119.36890
-3457.78158
-655.31832
-5797.05816
3814.79833
-4966.58396
-1161.62525
9010.15265
-1780.56788
7535.35861
-4277.91921
2217.33138
-5676.45355
-293.89832
6523.09937
3006.03729
-1365.63195
-6646.57580
2891.15943
2209.66398
-6278.40578
-1668.76303
3957.64467
-8329.63665
4228.36993
8938.52358
8276.32772
-2646.28749
-2562.94923
6642.32182
-2909.68175
868.68582
672.18710
-8345.11318
-37.60823
-6160.98863
40.44734
-5547.73128
-1532.30205
-9803.23973
1487.78299
-736.31628
9045.93086
9611.47294
1651.79322
-4864.94646
-839.12635
-9133.23571
-5258.75127
4393.85106
-6326.63515
3757.43467
7276.62847
-863.24058
-8431.31426
4721.73332
-9203.64060
5955.94246
-7654.10839
-5602.47776
-811.02834
-212.95897
-2737.38225
-1615.19714
5745.36454
3295.59966
-2136.70437
674.72181
4558.84946
-2284.44859
7791.95715
9911.93750
3665.73305
1694.19696
-6187.68340
2226.18995
-1948.96955
7509.36600
5165.69602
-8402.97145
-7371.05236
7684.33248
2421.26175
-5207.24056
8486.85893
2976.80228
-9847.98875
-2596.21935
8104.86839
-5997.49418
-2368.04175
-1609.11159
-1638.61310
-9248.13313
-5991.79085
-5050.46615
684.76372
-4157.06751
-1555.51289
-9593.56943
-2451.92676
-3858.95156
-3996.30935
6837.68257
-7477.61965
-9188.01159
-9946.98088
-9196.38479
-398.00878
-2244.79542
-4986.09798
-6217.95222
-5681.66575
6887.35952
-8158.07285
-6238.01776
5961.52251
-6671.35946
-5480.69193
7189.34416
-3009.65229
-5875.02924
-1297.59622
-6431.09826
-8646.35846
134.35279
-5120.45024
4462.51003
-1087.65641
917.29154
5208.75069
-3144.48067
-6940.41325
6348.89391
1397.76293
3400.94983
-5895.25301
335.84428
-5765.01096
5927.13246
-1251.49385
-4597.10533
7618.76917
3439.12298
1751.49541
-4693.02919
1751.41728
-6199.61990
7978.87393
-887.66733
4924.17639
-4367.44837
2264.48905
4523.01530
2646.52488
4127.03370
-3928.94331
1442.22435
-9632.79553
4895.55574
684.94182
2409.80575
6422.25458
-9709.41364
-1786.96940
-4281.12551
-1069.33383
-9278.86664
-1690.98232
9990.37870
-6000.47417
9111.99005
9391.46844
2832.85098
2411.19874
9996.44462
6173.97743
141.22359
2974.32143
1320.69733
-873.97891
-7135.59974
-5334.35099
412.54545
-8122.80506
-3628.72408
8746.29485
3136.59734
-2242.23606
8251.88537
-115.53835
-9175.70515
-8429.75840
-4326.76196
-3472.60493
-6655.88936
2032.28248
6520.87267
-6896.85527
-1156.60506
-8794.43506
9556.74936
-4843.46909
-7700.20354
8358.03341
-658.63933
-6726.94564
-2525.58290
-9102.88816
756.13232
4532.69535
-7772.23492
5768.30702
5012.94761
-6082.87061
8833.26720
2466.59582
-4033.77371
-2448.16671
-2182.72137
6027.08270
7331.71349
-9898.32416
1213.20414
156.39087
-1111.21870
9085.61411
4468.48267
-6324.90018
5596.56734
-7461.60830
-4529.27026
-2864.05507
5267.97732
-8338.22704
-2786.90759
-8166.95886
-4192.53916
9398.89124
1982.30668
-7813.49241
1256.07346
5022.48477
7798.46657
8226.77694
7989.26557
6324.02509
-6580.43706
3055.62842
452.31325
-3468.67627
445.54259
3167.85224
-7466.79980
-7561.12439
-803.26452
392.01740
761.41610
-5968.20004
5710.58486
5477.37705
-7677.97102
-4241.78209
-7094.31058
2170.48719
-4112.15007
2297.96669
3224.03100
-4001.68791
-1441.51187
-6639.38685
1133.54551
-2189.29130
-1413.66104
-4720.66700
7394.98437
-8760.72311
305.66660
-5556.34996
-9596.45020
-6397.65346
239.01447
1958.73400
-7182.43123
1521.82490
5579.46260
-9399.19570
-1819.92783
-1193.91895
-5933.46014
-7960.88946
-4140.71876
6066.10455
7212.64550
122.02573
-4344.73422
-2603.29047
-2127.17790
8181.71550
6247.54742
-5636.19782
168.94722
4433.38221
335.66677
-6333.73036
-4022.93166
9144.09286
2430.63620
8234.32236
-3201.14849
-1761.48791
8066.22288
7577.03298
-7895.57142
-2545.00938
1954.14921
1265.00860
5029.02139
8481.57285
3558.82450
-2242.22812
4817.31693
-1315.46943
3198.01608
1663.44140
-8482.10827
1501.12976
-2635.25626
4652.24941
-9933.87418
-8207.22719
-4192.67390
-3423.97295
6281.27604
92.56923
-6765.87572
1109.46417
-4683.21452
5355.18056
4521.43946
-1553.75448
4265.72818
6828.05873
-9345.80407
4304.94562
871.71784
-8247.20654
802.73464
7550.46395
6883.61165
-3220.86847
2289.69340
-4098.92246
-1068.67799
8097.95363
-7084.57690
2414.36371
-9715.45648
1579.59408
-4202.53352
4950.18112
-9936.40250
9126.24740
-5143.94446
-903.04354
6300.98146
-4950.85916
-2228.15893
-4260.74695
-9757.40562
-6064.19639
5392.83987
-1141.35863
4395.64565
4228.76806
-418.78503
-1412.20726
-6806.09354
-1243.89273
-3165.91465
3986.52931
-1212.95083
4201.23807
8485.83733
6098.67268
-405.87246
-5592.97333
995.09310
6383.65813
1176.35551
-9368.38398
-9841.16088
-4017.72158
3870.44968
-917.66259
7515.88675
-9168.52452
2051.22619
7156.30219
-8919.64493
200.53058
-358.12428
2866.09993
-4417.52086
-6180.22651
459.61795
7019.18834
5503.72603
-8577.24364
-5446.84590
7717.39891
-2764.29731
7024.16468
8696.23434
-4623.61017
-3653.21544
1470.36720
2835.65673
-2197.78272
7695.72044
6339.03762
8585.70760
5270.03637
-8294.08575
1151.14339
-2485.99233
-9128.64524
2297.54359
9333.90905
-6070.93387
-7302.87538
9092.27272
229.97280
-6977.14616
7953.49214
-7443.37274
3633.78859
-7155.35062
-1108.47102
8269.26369
6505.86140
-1245.20893
-2985.35852
-8518.24621
-329.50559
-2899.62589
-9140.53759
-6886.74339
-5519.27553
-9101.47653
-2751.83582
-3310.03861
-1848.87034
-8747.61355
5375.81377
401.18897
-3370.61859
-3287.14633
-6924.56655
809.96579
6334.24402
1714.60800
4496.35530
9576.75968
-6521.40650
-7218.50640
4009.15348
6183.46055
8444.91023
-3786.50219
-3102.56460
-9608.63124
4432.00416
4135.17299
8919.15193
3382.23172
-9329.90297
5095.78921
1777.70676
9346.28610
4940.73141
-6242.07777
975.24217
-4548.35801
1016.57144
3694.92321
5861.56999
9111.49429
634.02732
-7060.14713
-4595.38929
1242.33474
5366.14511
2658.57915
-7050.18016
-4314.01457
-5123.88046
-818.88077
1337.40450
1655.26110
6528.53348
7568.99072
-1872.65964
6172.94396
-598.52384
7756.92557
-6140.54385
8919.17448
-3604.39917
9453.24064
6851.37404
-3487.22321
-9604.44085
-6575.41691
8824.12672
6859.87729
1944.25399
-1366.71069
-5273.49271
-9020.11349
-9013.19016
-1911.63970
-9544.13965
-5691.42415
-7945.34639
8643.54277
-4532.11006
1456.27951
8243.01826
1717.29654
2430.70967
260.67085
-1991.93938
-8735.08016
-5049.36012
-982.76535
4117.10401
-7526.79577
-8777.26669
-6582.82035
1378.47108
5943.66805
-4738.40707
-6747.08899
6457.55879
8693.93059
-3605.94713
6216.16049
4228.87790
-5274.58303
7395.62584
1391.65305
8517.12058
-663.54794
1376.84228
-2775.10237
3988.59224
9938.31613
3789.59748
2449.98926
-3283.93860
-5320.65772
1799.25516
-4139.02742
-7834.40418
7626.68252
6430.69608
-1851.49547
898.80935
-7948.89851
-3954.49738
304.89026
-5585.86995
-1441.26385
-3928.54699
-9946.36850
-919.54967
-9809.05397
-4137.34360
-8662.16090
-2930.68977
-848.62981
-7186.52412
-4601.41991
9331.91140
7675.24480
-2359.67493
-2737.27996
-8967.75642
-2682.08621
-337.56149
-4030.39896
7352.31362
-106.96709
-8858.74807
3569.30350
-2323.04197
4414.42879
-4667.98701
-5215.75147
2317.57532
-150.89713
-5866.84529
8088.39780
-561.21249
-1905.73970
8482.44016
-2841.81329
2295.93566
2855.31375
-9036.99952
-5930.44201
-8515.28831
4463.45917
-605.69178
-805.04010
7283.80599
-501.65929
3668.47861
-8858.73773
-1283.04183
-5246.02382
2439.16422
-2277.37371
22.95017
118.61966
5270.51176
-6425.51036
3715.55017
9867.34001
-6870.17167
8113.28787
2681.22342
-5045.55379
2090.52374
5124.23598
-9405.48750
-3809.34991
4046.10083
6791.71503
3898.17760
1545.63234
6885.86555
-3027.53209
2027.87598
1471.14752
-6455.49793
-202.88715
1950.92618
2884.75018
-2163.54576
340.14127
-7160.83526
-2196.00034
-8112.41745
-9226.98691
8290.50173
8191.12381
3744.32535
-1634.32085
-8168.60858
744.23813
-8181.31024
4387.80204
-6103.15221
6420.71096
-1929.01751
-1304.09224
7084.52945
2213.77814
-3339.79444
-5162.47152
-8533.57814
-4065.06578
-8743.87023
3037.03378
-555.86222
4026.98952
8381.29363
6767.25003
8408.05550
6990.68049
-7396.42074
9662.10976
-539.89020
2237.76432
-6651.85532
-2253.74971
-8946.70946
-4346.01383
-8284.93493
-3811.15481
1122.77686
1275.59570
6215.92372
-1821.85480
-6133.02924
-5031.10786
-4226.85492
-3438.08403
-5512.43132
1460.80254
-3012.52027
-5613.92897
-5740.70975
-9110.70103
-3600.16264
9903.96716
9996.57463
4260.85078
-3412.17469
-9410.74675
9852.40722
5434.03362
-9396.37117
-7870.45225
-4112.78726
-2913.69272
-805.98254
-171.41574
8355.20769
-7412.71456
557.83072
9116.66438
-7025.04843
-2222.51188
-5080.94151
-5593.81357
1215.66745
5849.35784
1061.09742
369.93791
-1984.92623
8370.90827
3103.63371
6169.55241
-3050.31432
-8584.58184
-8634.86095
-3386.83300
2849.97572
-9602.89414
-9699.25177
-6656.03551
7479.96024
-6358.84184
3435.25511
-6277.06478
-6216.31171
-9313.55547
-8166.22683
-5172.89853
5064.41968
-9995.52533
6289.31459
2750.48332
6944.48577
3631.74770
2595.97085
-868.63419
8290.05095
-7986.98039
-9873.29189
-1243.36621
5909.82716
-881.69705
8185.48756
-3023.55622
-5424.81526
-5759.87549
6794.76766
-318.34820
-6788.63314
9113.42191
4213.91402
8645.27419
-1762.56997
-9045.79549
3192.87550
4840.81194
5159.38761
-7963.64217
1084.34313
9045.39444
2681.28679
2744.24339
4474.26555
4319.85304
6123.02926
726.72423
-6579.14799
8785.85932
-4377.83306
3250.59208
4641.93782
2349.60634
-4356.02874
-4751.98499
3786.71319
248.91877
-3885.16802
-9512.65818
5896.50385
3764.42813
-1791.45192
1685.75553
-1949.83423
8586.11723
-1169.77402
3028.97044
-3618.15368
8819.01452
807.09538
-9707.78150
-7297.26924
-1086.23833
-9214.52354
9266.02730
-9548.85115
-1169.07682
1238.99225
2792.34807
2081.51574
-5648.80298
4553.51468
7317.99795
1506.55961
1148.15823
-6340.90339
-5143.12462
-9606.28474
1348.19226
4108.77615
7802.14938
7968.25071
4308.84850
-4943.69085
-3728.44267
-1656.93381
-9024.09911
4312.79481
-7215.59219
-6331.59127
-6852.66750
3060.71897
2967.28425
1475.53331
-9957.01095
6512.18868
-1357.32445
7154.51017
3671.31532
746.57211
-3212.83089
9264.48733
-7720.23139
-5024.84914
116.92490
-3775.85057
-5379.80035
498.92045
4630.41277
7303.18035
-951.04326
-507.66230
8748.55511
-8276.42711
8034.31486
4659.33959
-3500.41030
-962.73068
4513.47739
8834.67557
9617.46183
-7004.45126
1907.31226
-4873.88240
-1416.42699
-4784.18923
-326.30643
-9700.11252
-7322.95883
568.51945
-7266.11516
-7634.94284
8273.78131
-321.58709
-3528.28609
5034.00135
-5471.84418
4592.76829
8438.31551
9305.19786
-1611.34869
-4949.35997
9900.31624
-3189.06683
5009.16826
-9347.01534
4568.43725
-8409.82207
2162.99338
-1434.69243
-6919.88203
7059.18706
-2476.97080
3682.94791
9395.59202
-1884.99664
5086.96397
-53.81173
-734.83834
-8855.79405
-7481.23848
5558.21920
-9205.54498
3295.91355
2716.48233
6534.45330
-8549.69010
-964.54777
4933.93686
-4286.36718
-6456.14772
6353.13010
994.06547
6952.63403
336.97691
2113.95318
-1317.33534
606.36761
6173.95068
-2656.00659
1120.34413
-8302.54894
-2802.20665
-6678.00274
7909.52327
-5158.40594
1430.38889
388.32512
-6380.36765
-5027.64681
-1733.77310
4717.92163
-4937.98721
8524.50003
-3392.00542
7138.06025
-8176.62034
-6431.31175
5657.51572
4116.62031
3298.97302
7966.21763
-702.42963
-5044.67826
4561.53899
-4305.28824
7570.39455
4180.25517
-5104.84943
9083.54087
2879.44037
-2867.95935
-6211.28798
3528.63267
-4449.20472
9434.24064
-1893.48623
-6696.93846
2025.07822
-3386.71062
3574.41475
8614.08633
-7385.47700
-3083.31003
3632.32235
-7466.80373
-4653.20615
-3098.87193
647.87147
-6755.30988
5005.35028
4199.93014
8771.21510
653.94410
3028.11792
6068.49151
7986.04213
-9571.51776
-8375.33090
9005.55323
8237.71673
-1531.22126
6888.27163
-2519.60222
2874.52475
-1002.86096
474.42571
-3168.44607
3512.44749
-2144.48948
1642.28060
-8336.60927
-86.05632
-7221.81397
1189.27091
6506.30936
-6634.01553
-180.49716
6221.86570
7223.01840
4275.56705
-4745.61798
4337.47232
-783.11063
1552.54731
2703.56262
-5771.21943
8431.23360
7467.96632
7282.05200
9865.29558
4842.84541
3864.13334
-9329.31503
-5815.02375
6626.88080
-1382.45978
-1375.39784
-7372.62358
-681.27202
5905.50249
-1083.18739
8733.26070
1270.76219
-6778.90095
-8228.16149
1497.31046
8020.08539
-6324.29729
6704.92584
-7285.91184
-2195.47916
-9340.78497
-8561.94606
1734.55440
3489.51004
9981.69372
-2594.17263
7169.82557
3689.72212
3720.00409
2062.70804
-2931.68826
1975.06909
-1623.72844
-8547.16935
-5536.86312
907.89414
-3608.30333
5602.46298
-8927.71762
-6607.68605
-2671.89263
-775.14671
-4031.67871
7320.28369
3121.79298
-559.91586
3051.28569
1409.52524
7323.72511
-5502.69071
-8163.93277
6322.50179
5545.12694
4014.94170
-3816.49348
-7914.67263
2978.78911
5992.65448
8296.31402
7428.08920
-3389.42673
-9376.39100
4955.72047
2622.40268
5698.37326
6001.05071
1156.84126
6586.85045
7749.52157
-3422.27284
4382.55790
4116.08587
-5257.35328
-5485.55954
-7254.45612
-7138.54784
3318.43620
-4619.88369
1210.95513
-4732.26480
-7292.47023
-2764.17643
4952.56146
2098.12279
-6953.62610
-182.61959
-5895.28300
3078.05936
-9875.61462
-7400.81667
-4118.58795
-1788.96565
64.88860
8095.38125
-3766.27069
7176.01695
9661.78837
2947.17307
-8057.23308
3367.71802
3883.70049
-3488.89227
1792.65415
835.00016
1598.36337
3302.58698
-3255.83150
376.18583
7213.89563
-6083.78456
-6798.08987
-7857.48937
-3044.27742
-9088.42866
9166.17365
2289.74748
9092.48572
-5168.10057
-2890.05547
-1688.57673
-235.99591
1023.54869
-3367.02001
-5451.66409
-3628.25660
883.68707
4474.70915
-4794.19028
4267.57797
-9541.79569
-5434.77944
-5245.65714
9617.78482
8280.72770
9169.89126
-8607.80119
6623.35133
8267.01229
-3336.03160
-251.76211
-459.87288
-2527.11776
-2189.57748
-5939.99611
7429.46811
4735.26499
-445.05534
6965.81244
6968.70094
-9254.30299
-5228.97493
-271.49531
4958.80932
2001.47957
6510.52670
3307.09131
-6064.76961
-6137.78799
-7826.14669
-5063.65058
3204.65554
5277.01529
866.70739
9957.96584
-1037.33550
-434.92060
4554.30715
5278.31799
3856.82205
-4461.64972
-6684.35567
8560.65324
-8299.61817
7388.91407
-9425.01728
-9969.54574
-8877.33587
-1756.61775
-5578.51727
4831.20518
-1094.32304
-9500.58222
-1353.59091
8092.89890
-4788.90011
2996.00651
-1270.38697
-2308.90632
-78.65915
-9173.06271
6367.01113
-3783.67925
-5212.05924
-9961.61929
6665.01424
-7933.75272
-2886.53949
4507.14646
-4508.43711
-6268.12409
-3910.85835
7897.84636
-9231.26981
-4546.08859
-5967.11129
2767.03886
3777.52562
-3523.28257
-3140.38369
-2134.48941
-757.03339
8625.13537
-1740.51627
1096.28943
4842.13042
7281.44085
-3095.02169
8451.81460
-7083.83179
-8473.56005
1884.45566
5874.55066
-4334.56800
4415.31838
8197.38743
-9744.69124
-9248.09822
6362.63472
-2199.71335
-1949.09900
2319.78226
6664.02359
-8509.70336
927.72730
6054.91660
2869.07367
-102.00538
1712.17497
-4420.49783
1252.52067
-8096.21210
-2312.23874
7413.28169
6934.31760
-9057.80610
-4993.76779
-7451.96603
2535.00939
4942.05198
-2041.79535
-2670.06040
-7785.26567
-7849.70252
-8542.06999
-8920.16460
9555.92349
7886.06042
-2358.10613
4375.32267
-3351.31137
-1355.81850
3908.88745
-6148.23084
-975.66738
5227.62079
-4584.23609
-4002.13787
-1903.62189
-7948.42955
335.43741
-5031.07180
-2431.03551
-8884.06791
-9150.80619
529.63290
5827.12243
-3633.51324
497.55491
-8063.96509
35.17125
8130.70345
-521.23716
986.13234
-5041.15440
-8428.24404
-5832.56807
-5159.41671
7962.01551
-1640.42798
-6543.13646
1166.29116
-3523.19089
-9514.29838
-2691.86991
-4488.96480
5282.04153
-3961.46421
6333.68041
3310.59918
9444.88611
4392.76486
8368.42401
6142.57731
9296.84335
-8795.14938
5740.32831
7434.00204
-1146.27939
-6727.04201
-1902.08093
-5927.29626
6379.13192
-1474.34863
484.50374
2017.76840
5839.26576
3216.64217
7111.90465
-5428.28081
-2948.59335
8488.20576
-3511.34586
-3382.31832
1307.80954
-9892.84272
8689.49427
2151.94689
-9397.15387
9804.46959
8131.12387
81.50987
-7809.72938
3831.86779
591.27393
7220.55692
-6081.74079
-467.94586
439.69308
-2109.66512
2480.81542
-1100.85260
3951.42778
-6946.34825
7754.71111
-6373.19688
-1161.36902
5186.85989
-716.02378
-6985.92098
-1403.62018
5312.77162
9343.12754
6108.99390
7790.53451
-4580.05696
-9441.97797
2961.32165
7104.04123
-8916.02479
-3886.08232
-677.34268
3889.95695
8796.86094
-2451.85561
-8932.52587
-8458.36212
4526.65443
-7093.83065
4483.01720
3919.82139
-3709.02734
-6077.10554
961.73099
7597.16462
2465.19466
-7273.21490
2534.32080
-8530.55742
-1305.47243
-8045.32175
-6393.61001
7478.89940
2682.49616
9953.27950
2336.95093
-5584.40979
-5717.21775
-431.91162
8939.41359
2381.82563
-1198.72916
9141.59932
-8929.18381
373.11387
6707.20974
-5215.51079
627.11334
-3237.10482
7012.61088
9213.10937
8789.12690
7914.18039
-4366.73979
-3375.01472
9338.33812
-9320.65996
-9299.81410
-4927.44826
-6295.24977
-1534.33909
7448.51910
1409.48031
5113.08234
-7697.30901
-6565.40210
-8909.58720
4146.10452
-6184.68101
-9613.74570
5647.62595
878.89137
-7301.02968
-7159.69991
4613.64187
-9788.43224
903.70206
5198.68666
3304.02196
6166.20341
7164.17714
9514.62756
878.02207
5607.61605
191.33545
-7670.43896
-7896.61829
-6905.91094
-1162.76847
-3629.07135
2003.45682
-3333.47572
9205.16323
8000.85202
4916.12004
111.72648
9808.71987
1499.42816
-7738.76446
749.60471
7554.84831
1878.84708
9033.91820
-7248.65629
4163.19890
4621.16876
-1810.07451
-2016.15732
-9577.96143
-3778.89824
5537.83873
-8293.97025
6959.08631
-3865.86498
917.27319
-3088.60030
2302.03899
7845.09277
-6604.60720
-9497.75128
-4784.17018
-9068.70584
-2872.50298
4013.41288
9316.95667
-968.35174
-7569.70352
7879.74575
2822.53055
6504.75780
5478.82990
6043.96810
-6985.74991
4954.19246
6658.09508
-9017.86903
4124.27789
8666.93646
-2301.82418
446.58072
8358.23143
8.34616
-3409.08725
3652.69601
-7423.84657
8906.88247
-8299.93371
-5158.29517
5144.15300
-151.14668
7203.62000
-9701.17374
-9981.36297
1817.28264
5226.58794
283.38753
7011.06422
2269.05948
1637.48879
5660.06927
2264.92881
5482.26002
-9740.04792
-6089.39639
-983.13369
8132.28002
7690.29811
5439.72755
2552.11228
-9606.62762
-6309.41497
9798.57770
2098.83708
-9535.38911
-6311.10210
9819.25500
-8249.53964
3508.54021
-7196.47702
431.83689
-2285.11238
541.18534
1934.86688
9471.48985
185.91187
-3946.92568
5926.87931
1549.17625
-4053.20851
-6770.90379
4931.35504
486.83905
7956.00315
3173.15173
-8249.65001
-3347.03289
3692.24274
-6798.99663
-1026.99122
-7009.06019
-6543.27823
-9413.05220
-809.54750
2091.15728
8139.49098
1004.82059
242.21745
-6930.18674
6705.98907
-8962.49688
-8168.55366
5835.14548
-8893.04166
-1924.12591
5093.17421
-8728.99757
-3525.42039
-9211.53171
-5406.48939
-8704.25678
308.76217
-6219.58719
2319.77740
9092.64063
-8525.68454
8308.09191
-3396.47656
5520.75971
4756.99447
5888.62959
-1877.26448
-9043.10438
6597.18738
942.68041
8231.59545
-6409.93564
7304.26179
1503.80863
-5831.43648
1660.08609
9941.58723
6344.17244
-4113.66321
-6586.23708
-3052.65462
7927.56630
3672.48880
1406.39446
1906.43473
-1714.76869
959.00177
-6947.82936
2889.88164
-8970.54991
-6662.27332
4452.98781
8392.00492
6359.64974
-1987.96015
8545.12211
-2584.33507
8079.94632
4864.35209
-1577.75965
3254.58715
-654.17854
3632.51891
4719.96164
-4737.31954
6110.95007
-7261.53650
-88.08291
8870.17735
-3829.58546
5428.50791
-9533.01671
4365.93879
7025.03145
-31.74833
8115.73770
-1729.50712
-3771.34849
3467.65731
5525.79308
-7790.32725
8981.24211
2343.15234
-1956.47621
8060.38326
5131.21199
-9550.65090
6184.53322
-1031.90211
-4739.20384
6902.88635
-3171.52829
-1171.61248
-9817.27054
-3620.66195
-5579.36527
-3401.71104
-796.02857
8776.38794
565.06968
-9943.40965
7430.01943
8144.72945
4637.83821
6241.17759
-9502.81004
6303.56273
1047.00452
8206.47021
-5554.06817
-7312.36331
5128.03075
4320.45627
1634.27100
-3004.72658
4905.92390
-3089.40921
3763.20838
-5031.30050
3424.90899
-293.70749
8537.30264
9960.93634
-5113.30094
7287.33040
-9293.68074
612.82998
-7301.63026
9688.71314
2964.41173
-8051.07178
2271.24606
-587.45908
-2179.68311
-8314.94455
5639.73538
293.72816
2258.52633
-4158.65692
-2734.68441
-834.24430
48.00687
4268.71759
-2517.16819
4162.08795
-8559.27053
1542.63516
7763.83739
1053.17964
-7768.27315
-8262.10743
-1524.18743
-9116.22062
2741.08178
-8113.17020
-3990.52494
-984.74699
-2912.47176
9672.81904
-9090.11676
5715.73319
2915.35137
-7892.60426
2052.33905
3805.68942
4524.03229
4772.29282
395.26290
7251.86607
9115.23163
-7102.97600
-2897.93368
7598.37608
5984.43218
7005.80717
-8855.33868
-1240.64749
3995.54346
-1336.56500
-1744.75148
-2864.10747
9506.60912
-8370.83279
191.17851
-6189.66200
-5985.63806
-5507.92278
-6368.05823
5458.83261
1495.53316
5569.02322
-7325.10376
-4061.82934
-580.26096
-2725.73023
1393.92150
5613.80158
1983.48143
-6084.40435
2123.42713
1473.44710
-1593.32359
9534.15852
-4060.71317
699.73960
-4973.62936
-9784.69524
585.49480
-1781.98937
-3355.38045
-1964.04344
9675.57795
1549.19056
8315.20629
4851.85450
-5078.24686
8345.92563
-4337.59545
-3067.79399
-7472.23180
9210.48444
-3755.25189
2697.33146
-278.22021
9254.44016
-5032.36647
-4940.10993
-8205.77341
4079.44297
-1182.46864
-546.59718
1801.65157
5455.67441
-9276.54855
-4835.77217
2777.23822
-5895.42989
3526.80070
158.85783
2252.63270
-8119.29157
8762.62340
7635.99643
534.45513
-1682.31010
-8929.27011
2498.59967
9333.35778
-7905.13450
8143.88508
8712.82688
-5468.84788
-6724.86877
3094.67104
-1276.83883
-3868.03144
-9109.42920
4345.08600
-4703.82792
-1519.29767
-4386.68767
8284.39647
5811.32545
-771.54194
-5158.20999
790.72430
9081.50532
-1066.48614
-3971.84709
-2321.44663
3189.33319
-1219.89459
7815.73078
-4352.99951
987.92711
1790.09905
1455.09259
-1831.24644
-7019.44642
3937.67220
-9409.11747
-963.97137
-494.25873
-7722.54395
4008.58209
-8668.67294
4261.47366
2284.37603
-1769.75988
-6177.92074
-55.05695
3168.90602
-117.27214
5137.32208
1180.63527
-2133.42180
2076.60666
-6632.42851
3960.56881
-1820.17115
8014.98463
-2979.94020
9315.25231
-9826.53276
-9811.75518
2932.85999
7397.32826
5095.79030
-8619.45225
-7713.41143
4977.71357
9446.08597
-7630.34671
1216.62278
7086.84676
1948.18737
-3948.98249
8859.69299
3246.37901
-1856.91654
-7451.66530
3899.43924
2066.19781
8323.44118
-4386.31825
7128.00426
-3204.25235
-8595.95928
6424.05103
-9919.05369
1177.80734
9476.43112
3804.96554
6862.83724
3059.75311
-9989.07048
1192.91684
-2460.49175
4103.79313
-9672.41395
-6163.83997
1027.03666
-8111.15775
7533.69981
-6940.09049
-3682.50363
-6230.69578
-1111.09263
2969.78172
-9335.34705
-5263.28430
-5822.35525
-8507.59923
-2485.96010
-9473.81106
-9461.24266
-1170.63174
-2416.04139
9209.96815
-7727.65313
8506.93455
-1766.88982
8217.05619
-3179.09905
6725.30314
-4240.82424
-6797.27218
-3663.48074
524.65024
-8959.90317
5943.57488
4863.60073
-9712.73583
989.88693
-3737.51166
1562.85882
9229.22373
-3312.27865
4167.56983
-2419.77334
-4062.52155
8960.24838
4326.43842
7185.58141
-1067.16169
4232.10435
4837.47052
-5178.79570
-5623.21815
-4219.09704
-4136.18263
935.81039
-3332.13939
-6138.65940
4877.68325
-1374.47310
2549.77603
-6149.86112
-2039.54728
2791.70744
-7146.10423
-7007.93375
6271.68300
9599.96454
-6763.01135
5122.17241
-7140.23737
2072.41547
2911.29646
-5495.70966
5983.71913
4599.92364
-5575.70044
2418.99836
9304.54850
5182.47834
-5971.46894
9061.27184
-5218.20079
-3049.82947
2095.37583
4839.82418
4472.32930
-4129.49496
2268.11320
8244.06943
8040.76870
-7891.26316
9619.95542
6100.45983
-7223.19338
-123.80129
-8943.98829
-8536.42670
7310.29356
2777.25601
-2456.48375
-8463.84771
-6884.65075
5891.84274
7762.26194
3136.72449
5061.02645
-8333.02258
-114.56573
6788.49981
-4696.26543
-2726.50382
4828.52039
-5625.02015
-4113.61905
9882.92711
213.71396
4711.18823
6645.97803
9848.27706
-2092.88950
-866.99201
1284.17956
8869.20584
3826.70180
5585.06614
-9357.55672
-6084.10984
-4067.09782
9369.08773
-6333.20241
6628.85865
866.09822
5312.10478
6773.06447
3658.60081
2177.81073
3952.30077
2761.08948
-3584.36628
-9346.69823
7892.25550
7117.19541
1408.75951
-9939.12289
4009.40716
-9340.24812
7644.18259
-1316.68134
-5156.80218
8425.91944
5046.90919
3785.99176
7102.64912
9645.11885
1943.60067
3402.04349
1079.27486
-9751.64133
6530.62949
-8618.17249
-4219.09563
8232.47490
7977.64312
-4454.43089
-2989.48465
9020.56228
6890.64211
-5459.22184
2914.54663
7477.24894
5029.68274
8875.61940
1171.31675
-3624.21652
-955.88505
7780.58391
9596.33844
-6828.21697
-7147.98799
4051.24905
-4565.33225
519.33081
-5775.37098
-7549.57565
-5567.69054
-2951.79815
-4639.34676
-9446.12051
3642.26216
-25.91121
-5046.85354
-5787.49030
7500.47664
-2203.62470
6161.34028
4959.43177
-7413.79345
-8201.26830
-4269.41069
1111.42664
9078.96632
-2709.89663
-7108.85991
2083.09566
3721.31521
-3362.13900
-3142.77461
-6662.78181
8119.59768
-511.19688
743.37522
-4782.28655
-6345.39303
-4139.32586
1138.82838
3342.90910
4138.48041
7118.71940
6007.81347
-5734.99419
-2093.45242
-6616.19037
-6332.68260
5847.05898
2424.96917
5858.31247
9049.09253
-6038.95086
-2881.02091
-5797.61579
-3578.00952
8533.12075
2597.74387
676.21836
-4020.48548
7086.82980
-7291.81675
9988.47180
8241.98831
7506.18818
1759.97357
825.75208
4098.45430
-799.04331
6948.49905
8427.67316
-8310.04460
7507.24312
-3800.83428
6497.89926
8463.33901
-2556.31983
769.65744
8397.00171
-1844.62753
-7593.81743
-983.80892
3740.58507
8441.63558
-6041.32941
2696.44909
-4127.34673
1884.79539
-5306.91294
2788.39768
-3615.36602
-1501.97364
-9810.44161
6136.69630
1843.33595
-4982.89183
8853.97834
-4376.57562
3665.21752
6553.45233
1728.06767
-5137.76657
6728.20975
5200.70626
6942.05707
-93.15209
7217.79954
4121.55926
-9040.10894
-8954.02422
9352.98132
-9218.58635
7032.21182
8722.63186
974.96951
6014.34833
9116.81689
-261.20056
7838.20061
8168.22950
-9518.78829
-2985.42552
-8988.11892
4250.40475
9674.23181
6159.05183
1860.04134
1256.74892
4235.60818
-9568.83081
2884.22711
1868.55557
7113.29464
5778.26651
-6454.35380
-338.15199
331.83754
-3763.02368
-7602.31356
9274.02988
655.92123
-572.95493
4108.07971
-9168.59753
3854.81350
-1223.66193
5528.90130
7976.59894
-1916.78910
4530.96191
4810.91581
7907.21937
-5812.88571
7576.28436
-8106.38389
4562.16287
-8645.85971
-5175.88181
7642.65300
-2361.61838
-8480.16385
-5676.23556
-3134.90043
-5377.22420
2754.54068
9707.26271
-7309.68086
7265.10667
7675.26687
459.75187
5755.83856
8111.39975
2989.76377
-895.19825
1114.42510
-1922.41845
-2531.91445
-2507.82524
3409.94674
1135.87944
3266.10871
-1946.81078
-9668.13125
-5500.66844
-2851.00320
-6321.85388
310.11070
592.62526
-9680.49828
-5058.02169
8345.79526
7992.11580
-4264.06938
-20.71759
1700.62032
-6262.49587
-3568.99713
8354.39267
8455.71861
-8139.27386
2940.78530
-442.70984
6313.04092
238.65993
-793.16588
5595.35160
6541.57592
3378.97611
6205.60255
-3010.91735
-5040.94777
8977.53971
-5962.07556
-6771.91717
-2304.03467
5078.33898
1542.48379
-5088.56339
5000.97394
-4050.14551
9106.63518
7125.97523
582.66848
-110.68002
-8896.29684
-9970.02285
-8590.35697
5405.37224
9359.70279
-2034.27847
2321.45785
-9701.26041
-660.90690
-6649.52433
-7772.90325
-5512.45725
-538.01913
-1152.08492
-4886.07483
2907.79508
-9076.69503
4729.69007
5925.63314
-283.34815
-8092.28226
-7381.53132
736.99765
8811.40920
1.5

