2500
8032.73998
-5825.10243
9981.97907
8031.13198
-9992.54639
7499.01325
-1194.21748
-4564.22472
7825.73301
-4060.06785
3544.13150
631.41405
-3587.53127
-8408.35580
-5996.90270
-817.97558
-7444.56081
5477.47714
-9949.76398
-260.79283
2421.49637
-4165.26386
8104.60285
-3366.55131
-5999.73720
-3228.79017
6430.69849
-8818.69322
6291.36721
-1474.55471
-6956.92563
-3069.49671
-9533.36283
5593.50767
9762.32070
4051.56810
2930.38498
5448.27588
5646.76372
-5816.93872
2337.89555
-4035.00446
7990.80182
-2090.17806
968.41470
247.49655
6476.08976
4431.94212
-2221.96585
3911.30232
7196.45571
5174.96812
-8745.38067
3572.71679
-9183.55071
-4750.92123
-5246.11402
1631.70986
-3420.23489
-6854.74979
-936.88486
1011.72379
-6190.45008
-526.02118
4083.43198
2207.78869
-6643.85962
9570.88137
-5438.05691
1494.44095
-2613.36914
3550.96960
3037.57974
4847.39263
5144.18985
4574.20553
9353.50179
-8645.22857
-9069.75841
-5309.67343
-5585.43861
-781.98787
-4045.55032
-6992.05127
-215.22927
3981.08825
9812.68942
-2485.18262
1788.84654
1972.68870
1713.03207
5501.30750
-9888.17872
-7254.87912
4494.85797
5273.60058
-5217.96519
-1890.18742
-862.42203
2676.55280
-4332.13191
-1316.42221
1227.41479
494.27747
-4409.43132
234.51609
5630.22584
-6179.45166
-3039.40784
-4991.23581
-154.87627
-5526.87162
8264.80351
-6478.16058
310.17866
-5756.52290
-6098.14972
6183.38070
-6204.97168
3272.92847
9336.79714
3704.15062
-9591.56379
-7034.14857
8672.32210
1553.28126
5700.97129
2508.70018
3211.33177
-6892.59368
-7794.31244
5088.59038
2951.26255
7783.29838
7222.09556
-3289.94491
-1180.36824
-8771.79435
-336.91554
494.01091
-2782.84945
-9268.17763
-2392.27912
6419.68456
5404.47591
2266.33449
2319.02164
3573.96012
-4043.18481
-1812.76347
3444.06335
-5002.87181
-291.04834
-5903.27496
-5419.37795
9040.28360
5532.18848
-1092.47562
4858.66457
4264.55682
1351.16217
81.76118
-537.35284
6588.83133
8105.54429
-9691.86368
6405.98544
-500.32893
-2914.35536
-7369.16710
-6637.78597
7544.12926
5204.69526
3470.89178
5254.54877
-2458.75912
-1717.13992
2830.82983
-4432.92950
-7292.74507
1283.06022
6343.37457
3888.78675
-8728.06767
1904.08925
9866.27256
3651.76749
-659.53729
-2767.44036
-6993.24800
9992.90522
4901.67178
-9725.57595
5370.29270
-6454.89691
5062.94028
8143.05106
9456.28761
-9907.11399
4022.61430
3846.97336
7526.90952
-663.98278
6674.08337
8945.46595
1126.78887
-948.59545
8068.60288
8602.38544
-4619.41706
3244.73115
4940.02058
-6058.24816
-9601.29976
1945.02862
-7575.00241
-1113.46793
-8925.31076
4590.77551
2022.67530
-5592.83679
9360.79218
-9637.23179
-5298.97026
-4402.94790
-9797.70781
8473.72058
2835.42834
-4561.38257
8494.52523
-7847.10658
-1223.94347
6642.86636
-3996.48141
-4917.19470
956.24447
-6352.16066
-1623.41554
-1930.68138
-8474.80369
309.71346
5119.73662
447.66881
-9381.48232
-946.23545
-5513.05085
8069.41427
-4370.54479
313.63369
9843.99616
9762.27031
7656.59017
2509.83227
-4221.58968
-7807.08708
86.47792
4315.97592
1228.01731
3490.16534
9324.65889
-667.85281
-572.95250
-2597.71041
9037.98626
-3216.73066
134.63246
3642.59139
-5344.65196
6735.77031
-2859.56383
3648.01938
-2472.12293
-4979.66072
-9249.31188
2992.20254
7424.78613
5361.14435
3136.62920
1395.99107
2329.77597
3287.05498
-4626.27825
-8251.38171
-3710.36775
-7850.37619
-6163.29028
4611.15225
-1559.12161
-9242.54476
-5892.95653
3982.62718
-3561.52462
4559.90862
-779.46780
3754.65620
4810.55237
4092.17704
3218.46032
3661.16498
-761.49294
6721.84380
5031.26230
9833.51870
-9199.28316
-2759.02875
7485.56788
-1895.66151
3769.43005
4155.86958
5591.12605
426.42614
-4923.26142
-9191.85420
1363.10037
-8812.47285
-739.46625
-1695.21237
5874.64972
-4165.78085
-6669.06204
-1640.75023
-2234.41113
-2880.99817
-9393.50031
8490.49071
-7227.34510
4345.64405
-8146.11201
9093.49939
-9491.26372
-5789.17719
-2931.42136
-9243.31266
-2487.33480
-9382.81609
-5588.74099
3949.91286
-1807.42164
-5129.17722
5161.88944
9519.92184
-5225.60790
-8724.43837
-3541.70209
1299.04150
6882.93042
5717.40146
3332.50125
6022.22961
-4793.59054
-3210.91211
817.08761
9450.94445
9483.96247
-6956.51637
-8803.50789
2962.19351
-2820.91438
-7255.53825
1398.56596
7940.00201
-5622.59316
-5918.92891
-9905.48075
-3291.66541
-4812.32036
-3134.97569
-6377.30270
4092.59547
-5863.90426
7595.26605
8137.84333
-8411.89630
1673.10552
-4547.58015
-2440.58993
5959.89411
8427.06898
5348.68093
3989.25865
7571.64116
2790.22123
1147.13308
9810.52178
941.14768
-2774.46989
3657.57274
9149.44233
-7449.67393
5624.50759
4649.28403
-2069.96355
3789.57590
-1668.63304
6559.22900
-7918.14818
7354.49260
2843.58575
-388.38695
-5989.49504
6123.43059
5021.46540
-4591.71926
9446.35177
7429.85457
-8327.50577
4864.40242
-9407.24982
-1608.45418
-8706.31843
1299.78588
4490.55574
2597.53711
3777.22364
-7887.16937
-7867.34290
6333.86846
7996.52694
-741.86797
-6232.14729
5114.20139
761.75464
-8070.04212
-8359.17104
9250.64960
6115.79485
6389.21785
309.66841
-2798.23875
-9423.86850
2282.42160
-6682.33282
-1681.71533
-2182.14738
-6342.82816
9876.96579
1290.83003
-6909.48640
-8935.99927
-1575.95446
9945.79813
-3311.94912
289.78589
-1419.91593
5764.17781
-8610.29100
5972.36376
-5290.46620
-2413.67557
-7805.68937
-4847.05282
6622.18243
-1449.53492
4774.91945
-9682.49762
2747.59380
-6340.56559
7699.37695
7712.57422
-1520.17834
-6354.82006
-8651.67441
7638.55113
-4502.28713
78.00187
-6955.03204
1158.65652
6458.70050
5469.81339
-239.11950
-1174.47743
-858.61721
-5041.03467
-9691.34511
9954.37245
-5258.26632
7606.71698
-6603.73595
-4519.41019
-9951.57813
-4983.03380
-6202.86602
5259.66325
2643.82059
3694.45305
8322.45531
-8058.79926
5899.97495
-3719.75172
-3462.06968
-8013.50403
-690.90219
-716.93364
-6279.63842
-6531.83239
-9297.17559
6140.38546
4388.51198
-9058.62228
-3771.65235
4214.46255
-3188.34605
-3197.73228
-100.61720
-7278.65423
-4935.05697
6420.61026
-2451.55601
7415.84109
-1469.40262
-22.18763
5666.72291
-764.81746
2733.38415
-4041.34480
9473.58332
-9535.56091
-8078.17723
1765.75196
-1858.69755
5630.24113
8322.38524
-6280.19355
8268.36327
9294.84634
-9333.87722
-2606.59707
-5431.65995
-1915.42566
-2201.94413
9998.26213
-3420.12604
1762.84422
5145.91800
-9400.34691
4323.55177
3028.08449
-7912.73219
5694.20033
8658.09139
-4744.44344
6506.65788
4794.78628
6818.15995
6032.69621
9099.94004
2388.90440
-6567.96257
792.30684
662.50718
-5348.32771
-1749.39810
9407.92624
6381.87431
-7107.66138
-7453.94921
9095.22328
-6697.42741
2921.44497
7941.44747
-2144.63852
-1351.01200
6545.12957
-2442.59957
-3177.03817
5803.99094
4923.27598
-756.41753
-6503.51751
-8968.87898
-2569.98343
3934.11424
-100.12412
-5531.61011
-2722.40071
9401.26231
-4337.16820
-1634.44041
-6159.03573
6687.12020
7372.13578
-1772.07473
-7338.76041
-3090.43511
4089.87629
-2475.26137
-252.91966
403.55472
-18.17139
-7080.42056
-7081.67841
4539.46146
5288.92836
2149.33113
1119.81235
-9615.97094
-5227.89221
5502.87307
-4847.94898
-8740.02511
-286.76151
1249.12786
-9525.05554
8420.76264
-3953.26541
7826.36247
-3895.64834
-543.91752
9508.41017
2097.40419
-6712.96417
93.25888
6418.98261
-5299.24384
-2660.37595
2793.57835
-7008.66686
6339.53573
-2443.38580
-4026.76291
3285.09870
5095.53311
-6264.39790
1614.25357
8879.24467
-9726.14127
2032.35303
4645.01957
-4560.36123
-9034.54978
3262.98412
5076.60954
7131.81321
1355.09773
-7766.16526
-2367.50115
6370.70664
-7464.56115
8503.32770
-2646.81576
-8595.49996
-2124.83781
6861.51707
9803.54208
3040.19442
-5653.53305
9777.86270
2970.50284
2446.50086
-6681.50847
7555.65911
8743.02490
-5801.55090
-716.09583
2625.38359
-503.18814
5383.29500
866.65977
8255.84555
1764.72197
-4207.69303
-4738.49736
-9546.01998
5981.28547
-8708.27036
2014.23789
-3859.68647
-5831.87846
51.69212
5975.08063
-9011.90078
-5541.32681
6061.85112
3752.61431
-1266.88937
9659.68298
-2263.37707
1196.55258
8875.04679
9615.78643
3595.07811
7553.55835
4683.51100
-1230.12218
1980.17688
2551.57205
1462.74350
6581.41334
-9550.57672
3140.04524
-3787.87916
-9865.04789
-7617.46855
9551.56944
-6673.02926
5898.98470
-5679.93988
1760.81267
-193.26926
-2801.45852
-1645.16214
-5236.22785
-9893.95429
-5686.88927
-4945.80273
9373.89627
4802.80552
-7749.79159
2692.85849
1517.11146
-6524.30715
6297.78761
-7840.36281
3434.05323
-1178.92646
-4240.09925
-9840.03227
-9312.01203
6462.01571
4778.07626
9150.52288
-5782.76088
5912.87821
-4618.06896
7768.70558
3622.49713
-6855.96631
-855.71096
7835.37183
-4498.28282
-7590.96971
3502.38592
-3858.30388
-7076.53088
5784.81800
-5066.63101
4465.23891
-8605.45673
3264.83005
7928.82058
2476.35065
-3863.44804
-3061.48117
-4681.94961
-6375.78309
1305.38458
6634.55644
8507.68744
-8137.46284
-3050.15971
5609.42915
1140.82483
-4601.92086
9923.89978
-3902.11356
-520.01735
-9045.70220
-3995.73074
-8113.07398
9429.87590
-714.19380
3073.39231
2655.88365
-9170.46585
6483.97341
4158.24432
2653.01181
5751.88367
-7439.44399
6937.28017
8394.82780
5306.14290
-1037.76848
-8289.35623
-5023.83343
2710.95646
4875.06502
1520.68538
7096.85936
-8101.11175
3458.82824
6080.08708
3509.81445
-5044.25004
-4915.57088
660.71477
7957.99106
-1995.68732
-9160.04880
865.40596
2475.59403
-9212.35457
-2729.18761
7318.12141
-8652.59920
9742.36329
-5059.64707
-2538.76902
-9492.44219
-4394.37976
-5488.31939
2648.98472
4934.91538
1765.60232
-4307.23021
7160.57746
3619.00690
4833.30411
970.20059
-1128.76458
2821.70914
-7841.46767
7346.29479
-2202.88341
-6599.30363
-9087.82411
-4014.03040
-5105.56673
795.47985
-6250.52186
1837.92628
4581.51550
9834.12703
-8676.69592
-4024.26883
1441.74922
-9288.79126
-6535.45704
78.39874
-9086.92723
-5534.95380
-8901.40771
1779.39856
339.64483
5535.05633
-266.97186
2854.15032
-4221.63860
-7750.96059
-1812.20360
-4750.78556
4414.74794
-7327.64861
-9641.25574
5910.93210
-7907.55066
-9443.20530
-7309.00691
9823.27598
4089.52587
-9080.00704
-9582.46122
2282.90695
-4729.15554
9167.95795
-8615.00084
-2283.85009
6477.91181
2751.88451
8326.53309
-4809.24092
-3105.54826
4628.34090
-8543.98446
-8091.11953
-4079.99112
1776.84222
6492.03764
-8453.89397
5713.82689
-4014.37008
4845.87199
1824.85917
8314.18350
3267.91467
-5806.28729
4551.68034
5364.77208
-5891.75244
-3186.33684
5534.45786
9536.40136
-8333.08585
-4897.67552
3785.27624
-8038.09040
-6040.58288
-7304.28321
-5894.78138
-9768.91374
-8684.03334
-8975.56782
1220.00610
-5213.62903
7543.88024
-1208.23008
4308.32547
-2228.62286
8869.41648
-7971.34714
-7279.70341
235.06198
-2070.52161
3895.97129
-9929.50782
8918.93047
3669.68710
7675.56315
-5747.81403
1107.22817
-5866.54930
-221.31512
-3421.67869
-7185.19647
-2518.44376
-8379.65752
6832.78094
-1390.13802
-3235.29594
96.14543
7250.21061
-8301.80785
-6747.29564
7802.24336
2056.40770
-6118.37273
9419.09749
-439.78114
-8216.55493
1851.35716
-8520.99444
-8495.87979
6799.29499
-9552.17391
-1844.91231
5088.92953
2349.52725
485.42769
7782.93746
-1427.42406
3488.24849
2627.08973
-4864.44826
-4789.96812
5853.58882
-8141.46069
-9939.89091
8876.69963
9024.37132
2222.55321
-778.47540
-28.18017
7992.88963
6202.32225
7530.14340
-4212.43218
-3250.66928
-1787.46494
9875.18225
-2878.20480
-4744.17330
1984.69103
3546.91576
-5839.30028
3496.49534
8885.74274
4303.70565
5607.17006
-9746.28758
7846.27969
4428.33918
3735.77235
1972.92650
-5957.47583
-8596.25183
-2431.88303
9000.51304
-4860.13673
5405.95812
-8944.14212
-2179.61726
-9953.36905
-1473.10529
865.70706
9508.14027
4667.83532
-9042.12630
-3369.99299
-4980.88808
6176.95007
-1648.99075
-9793.26589
-2906.13303
-6864.29394
8742.62184
-4226.11760
9074.34345
1856.95618
-7519.28459
1341.17736
-4820.37509
3703.26850
2489.91980
9547.39196
-5024.22751
9900.51598
6219.43753
-1655.68923
-9925.75306
4650.36881
556.88319
6691.66724
-9654.71579
2196.27907
2111.36737
9412.04674
102.85576
-6368.20847
7463.21139
1219.11699
-9698.40638
-6708.41310
-6628.78844
2232.06520
5598.39705
4176.32949
8186.47349
-5083.26244
-3093.30099
5184.53331
-6816.94550
6952.78004
5871.31974
-9663.28464
8755.36650
-1131.27579
-3381.56497
-5638.11298
7075.05680
-5550.64291
-1033.35137
7779.00728
6328.96422
1733.88856
8763.58779
-2542.63771
2567.10182
-4156.51982
1467.57202
77.21155
7179.87778
7043.23286
-7857.73537
-9681.67208
8310.87557
-1583.29705
-5064.39732
2.70422
-7525.32826
-4997.88207
-8197.44787
1978.50875
8618.19806
-5442.82504
-2007.37837
-1969.56545
6404.93039
-9618.07621
-926.73233
4541.12606
-1945.27443
-6436.34726
-5871.74507
7773.93433
-6298.49283
7201.91910
-9673.04594
-9294.20653
-3280.46452
-6671.90162
9556.91438
700.85485
-5847.37402
-1889.50995
-363.45629
-6806.97956
-3900.93691
-1230.46426
6811.21629
9569.02113
7902.67150
7368.69932
9588.75803
9144.27695
9011.41780
-6265.42319
-5571.42279
1765.88251
-9079.26351
-1393.95903
7405.77810
5107.24169
163.63759
-410.32152
874.48819
6801.14047
-7839.12233
-9545.91830
2756.02281
6485.77260
515.61738
-1674.73724
-1142.75713
3215.35160
-5764.17988
9163.54735
3156.36049
-9880.67906
-5894.01477
-8720.74006
4137.05807
1174.98293
1538.51545
52.52858
1424.38939
4134.10687
7929.26236
9182.19112
20.86775
-381.46659
8179.54932
2657.92417
-7849.03873
7769.08131
6030.54195
-119.65012
-1842.07119
-9017.21476
7610.30543
8725.26592
-8413.80195
-6079.82185
9117.68374
-7357.24425
-1597.46515
-1717.76482
9600.98438
9714.61822
7057.49892
-7255.82242
-8259.66005
-8536.78461
5222.17983
-2469.62517
6591.49922
667.66035
-7023.47704
-3316.05073
557.70896
2493.63787
-6047.58198
-5014.07794
-8832.34563
4679.41041
4663.20975
2735.07454
3367.87010
-5966.73822
3768.83950
-1562.09876
1242.63283
9373.75446
-6516.29495
-9517.31900
-607.98305
-4091.07213
7987.67071
-5080.82408
4627.22215
6173.26317
875.84108
-3270.23940
-7578.24280
-7135.39571
9576.40096
-1481.45284
5558.62751
9389.04380
5150.92231
4779.57101
8094.50155
9221.22095
-4310.85799
-4488.49817
9127.68565
9328.04042
2205.71587
1574.89247
-2909.03572
-6822.87379
1463.48820
-2828.81071
-9853.22734
-1842.88476
-1690.43166
456.09829
-630.76314
-7720.95534
-3863.70796
-741.11236
9131.07618
-7355.36957
3661.82849
-249.66161
1857.53407
709.44972
-9400.09345
2957.89516
3906.33653
3301.98939
-4629.28444
1707.69989
445.24708
8318.58782
-8156.67526
-3486.67210
-9015.57676
6656.66423
3799.25279
8314.67216
-8739.82486
6429.74919
-9680.60932
83.54757
5313.07366
4616.61696
-8635.75777
3861.65291
6408.05152
-7333.24089
-5778.39101
-2867.67294
5233.60347
-7618.51279
-9193.64282
1590.77007
-910.71868
-3155.00076
5978.31218
-9461.58377
-6935.90096
-5477.10274
7437.74392
9066.84310
-3850.47778
-491.50698
-375.89979
4768.72124
2480.33666
7516.76568
-8424.77813
-1151.73699
524.93228
8429.43880
430.51254
-8699.35464
-4036.65772
-2069.86065
22.53622
-8955.91554
-9309.92925
3501.69647
-7169.37798
-3519.70604
-8886.58462
-7348.06429
-1814.76876
-6716.99252
-8928.23264
84.43250
9359.07701
7801.62086
5924.68543
8891.23386
1958.99875
8437.09497
-9323.51992
-2101.00300
7413.13434
-7406.55260
2672.24310
8389.17261
-3597.94416
-2231.96197
7970.34272
-4835.76983
5539.34261
-9672.05300
3512.22572
-339.42845
-1436.57678
-7751.11160
7310.08959
5736.71762
-2982.11188
-6032.75992
3309.91222
-4320.34050
-1849.21687
2325.33892
-2226.73987
4216.93530
-3932.60810
996.58407
1695.20463
-4707.84682
-9701.89911
-5058.34877
1596.75602
5476.27347
-8195.37911
-4756.22599
3688.80520
-1554.95708
5323.34039
8315.42430
-47.47328
-7520.66597
4727.10797
-6100.52258
1061.06198
-9602.57674
9015.82423
-5511.14240
-598.06112
8441.88564
4006.79055
-2436.30619
-9781.26274
-5733.55743
6019.99930
5418.99751
-253.46640
-6089.68636
-2600.94224
8112.41728
-9575.01998
-5995.67511
1844.52796
3939.30856
4012.93895
-1089.20844
4362.51744
4303.50773
8125.51958
8701.05205
-4330.49436
-5883.07095
9238.40718
739.81490
-4400.67841
5402.89811
-258.76160
8763.89547
-7266.05863
-5747.20680
560.93988
-3308.63418
-1129.91245
-9452.85061
9300.85204
6972.66748
-4419.43430
4670.27540
9001.91550
-841.92651
8028.89918
5370.76565
1629.64396
9986.58958
5652.55831
-1193.00572
1384.62399
-7651.21869
9931.16042
-9453.18705
2865.22484
9473.40294
-6948.44587
-2176.67393
7663.49885
3502.41140
-4941.14575
1711.99306
4156.74718
-3785.05098
-6641.80122
8739.26217
-7349.42415
-5155.26069
-5178.82492
-343.83071
2700.07521
-6292.15518
7934.59554
4295.35173
-1057.96830
-62.65058
-3412.68817
-7440.93203
-4913.27783
-6657.07892
1705.41337
6562.17703
3442.87463
4292.25499
-710.14171
-7928.91795
-6730.11489
-4369.79125
-5123.69716
-6660.93816
2045.44388
-4971.90938
-8404.37296
6988.16495
-7071.08848
-5865.87814
4645.94662
7350.78105
8674.43057
-6213.12333
2905.82082
3233.10386
9427.77176
9275.57048
2574.63320
557.73623
-5327.56851
1970.81361
7309.13546
-1876.07390
-7426.48679
-3354.21772
399.17966
6024.76942
2377.44502
-1801.27200
-4400.04146
2891.41861
-2107.18329
5566.38905
-6857.14058
1241.85686
-5274.71934
-467.00984
3162.17616
-2981.23182
-4740.39883
-6005.17335
-7444.36001
583.77888
-113.85790
-7818.18301
-8728.93693
6028.68928
-9566.91488
8446.31908
4605.33301
-6083.01990
2835.14216
-6922.58098
2726.42845
-5012.80199
2577.34007
7228.31168
8663.99887
-8543.40187
8043.20077
8020.73119
2376.74586
-7288.58665
5376.72743
1741.28597
-344.53567
4608.23390
1482.27384
-8310.23661
3333.76790
-6782.63928
-8148.34415
382.34117
1113.50247
-2654.20123
1419.52688
6888.18612
1595.14703
-6925.02684
8214.99854
5449.52313
-7731.11132
86.80130
-8915.73147
-7918.37060
7549.49965
4896.52691
2238.91461
-2659.22138
-9560.03717
8419.12226
2663.35453
-3395.85469
7822.84312
-4455.59537
2622.67535
6877.21175
-1768.09498
1749.19541
-2900.88114
-7832.05215
-2780.77593
1610.20293
528.82420
9659.80954
-765.18612
6963.25515
-4870.65992
8956.17385
-5755.21566
-5816.33035
-3504.35408
3063.42909
-8813.91756
-1279.74804
-8282.70105
6664.83612
4259.17353
1896.44138
3725.26130
-4609.12644
7831.38579
6884.39406
3521.39628
-9242.05571
-966.73826
-1432.30319
2645.80360
-9664.50374
1856.34585
-1177.27192
5246.55405
-2961.54488
-2485.35444
8975.24135
3733.30538
596.51004
2914.75888
-2621.98695
1215.94697
-6841.68531
3522.34694
7722.07785
-39.33999
-2165.29781
-106.56503
-118.97349
1723.47751
-4804.87554
-6108.38530
-6810.67774
510.65798
-2493.92731
3832.25801
-5146.01135
-1902.26483
1319.39104
9334.19159
4392.20161
-6463.10315
2083.50719
8883.66352
-5986.42465
7204.67923
-1708.32048
9649.91910
-3013.66031
6368.91607
3107.02451
6783.34353
4871.51995
6204.72246
6420.50892
-4534.39694
5413.65914
1539.94708
-8183.17139
3628.41792
6883.75043
-3675.84638
9272.70817
-7747.95522
-6561.39911
-8505.14633
-2352.18830
-6442.60554
-8195.53531
-5958.74140
-9665.60469
-5086.28417
-5039.75138
-4107.68401
-5115.72836
-4280.30587
1971.85462
-3857.53689
2086.12116
-5652.84523
-3722.29190
-987.18016
-4111.03466
-3137.09929
3682.97060
-7634.92846
-3002.74468
-7842.99339
8641.98258
223.19407
9631.00933
7609.75147
619.24559
-6044.46539
-3011.65849
-469.47280
-8164.72525
8937.36545
-911.98655
-8779.88649
2021.55837
-1817.44165
1529.00621
-6993.03918
2941.02719
-612.85200
8398.85245
-4447.37583
2639.69390
-5064.04052
-8050.89245
-5676.53247
-3841.75956
-7102.13999
-1685.73369
2820.52579
-97.94171
-2369.09951
-4074.81251
3692.99252
-7840.23335
-7688.41995
8002.34545
-6303.59886
-2160.73306
-5681.89436
157.43534
101.81503
5348.23420
-7791.63441
-6863.64039
-7468.45592
-6299.66580
3380.71290
2183.51377
-7068.08766
-7382.54342
8868.15470
9512.40175
439.42049
-5316.13978
3021.07744
6175.91982
-8145.34834
3915.35215
-5211.02795
7760.02006
-1926.99334
4023.82929
-6648.57626
-2958.01018
742.93421
6241.82865
-4225.48391
-536.81326
935.88634
9478.44328
-9102.92839
-9945.92184
-9370.92477
9026.69709
674.83991
-4656.22728
-8218.17856
7078.87987
-2873.95017
-838.06725
-6545.94112
-6899.50254
4083.78406
-3839.84152
-2814.01471
3172.41287
-7269.12307
-2371.49080
3240.85210
9089.58958
-9611.35693
5501.26925
3487.74848
-3862.59825
398.85036
-5510.26466
8785.76636
-7883.78032
-8030.53832
580.84509
4669.30011
-6570.44392
-8550.31569
5512.71021
-1779.78248
8440.08551
6996.05290
2553.98899
-1382.39170
-9067.89040
1337.38965
9471.93817
-9197.21452
-4090.60238
-2592.73961
-8877.48345
-9503.17478
-7193.35357
398.26002
-5817.38055
-9313.80384
6241.06850
9693.19001
2720.18727
3837.96834
315.41811
9525.31732
-4732.80738
9169.30193
3808.38190
-8584.04086
-3756.30738
-9915.64928
-2213.02772
-4113.29716
9753.46712
9743.04601
-2421.76927
-8045.36380
7950.94101
6801.40070
9571.31614
1366.16860
925.96982
-9148.47109
-6510.92389
-76.02097
507.44718
-6578.63591
6828.65470
5344.76845
-4879.13832
9204.42005
-3157.93628
8277.32119
2959.75117
-6902.07169
-1643.48916
-8885.40973
-7837.40523
-3768.79961
2473.95058
9622.01711
6517.03169
-9004.71859
-7689.48817
-4763.89464
4762.13943
-9780.90529
4702.91557
7666.34325
-9450.22989
7043.45744
3186.82985
-8141.34242
4213.12135
9723.32197
5897.30345
5748.84968
-2009.13914
2779.88989
9981.97896
-8659.06306
5890.75055
4000.88112
-277.89464
5140.30664
6267.24187
-3649.17069
-5447.03991
-1048.12436
7676.53643
3118.05677
-275.66721
-1850.73162
-6851.98418
7721.87734
5483.72325
-1174.44627
-3861.33759
7946.55051
-7416.17263
523.77954
-8244.37342
-114.09020
-7973.01529
-7312.46473
-6206.65957
8878.70322
4059.69136
3257.87374
8312.24614
-4263.85370
9091.66801
8965.63773
8408.92554
-8750.73527
-7770.95099
1276.45488
-7943.74885
-8857.57595
-655.59196
-6065.16647
-1055.69666
6065.10491
-852.92364
340.41423
-2636.31934
-291.57963
-7714.50327
-2831.61047
-2557.12996
4886.64765
9212.45987
-6620.85812
-1632.37841
-9573.44451
6290.82976
-4451.98609
-8502.05928
-3364.01562
-2124.65570
-4118.64218
-1486.06990
-8204.16652
-7220.01734
1763.25052
-499.36516
-5436.92179
-7919.01058
-2351.03783
6976.59359
7879.13281
220.75396
-6638.55239
262.25158
9579.84808
-979.45552
9248.67591
325.79195
3421.29500
6761.27144
9300.66719
7126.41979
-5667.69144
8194.53557
6918.48992
1065.46310
4751.45391
8682.01696
7950.33876
-9950.71536
-9429.92378
-3866.72281
-8700.72562
-876.22618
6581.44491
-8083.27609
807.38603
-7348.95452
-1583.44174
-3032.27024
-8163.36035
-8719.33310
1939.32655
-7925.18217
-5074.23937
-1633.37951
3381.53204
-3663.37965
7849.68766
-2339.30305
-5593.24397
-7029.81896
2981.47477
-7838.29700
8362.13435
9390.93514
7878.91918
-5901.12052
1172.49305
5162.66796
3244.39866
-1384.03993
5853.92780
7499.34596
9478.94817
2735.19318
-8011.75107
-8393.39064
7220.10138
-8686.86884
-4299.56639
7458.78916
-912.02270
34.38879
-4267.40696
-7031.71220
9729.28988
3747.95313
-4379.36620
2012.41281
-6194.89676
-9814.84066
-9996.25976
-2769.14608
-8647.09878
836.76395
4603.41952
-4941.56469
-979.78463
8741.89573
-4519.55671
188.47638
-799.49125
1191.62589
3781.37852
-7293.67413
5385.24747
-5389.31550
-7193.29748
-7211.91975
-8514.64086
4253.07794
-4818.15729
-5714.59277
-5504.68748
12.60459
-2550.89098
703.53458
-1080.21139
7354.74224
-8398.29776
-9082.83251
4779.18749
-3357.82798
3092.77004
-3387.28435
43.84906
-2840.03073
-5512.54866
8476.31314
-2564.96703
-8730.35130
5291.02532
-6489.25472
8838.98351
7235.27746
-2664.04364
9712.00530
6886.02356
3496.66647
6036.23167
7774.91052
4663.16896
4340.18518
-8956.19678
8229.34348
-5495.86747
4802.25417
-2929.31843
-9583.26045
-3295.07623
569.96871
8130.24979
-431.21241
-5261.09493
-1723.57837
3733.54339
1430.27326
1824.23365
8069.23477
7121.77538
-3578.65226
-4095.91935
1516.49013
5024.44251
1386.04773
2202.58918
9246.15935
-9927.75055
9883.90204
5875.51465
1950.53609
-3722.99725
7948.33680
-738.93999
-7427.19732
-5629.22601
8515.03229
-9658.30350
8279.17211
1413.08738
-4184.38475
7739.34257
-105.55860
6239.02209
6490.02287
3301.39941
6801.26553
-2635.30235
-5002.58294
-32.69281
9685.10064
-6999.65887
-8012.97424
9636.47216
7522.79103
-4643.12301
-3193.23134
7566.50967
-9015.36068
-1649.26336
2842.69054
4235.01970
7885.76647
-7387.24533
-8510.07388
6386.21101
-6674.53252
6147.37724
-4201.61563
9701.29955
-5690.42781
-1823.38394
5189.32743
3772.31845
-1530.89263
9827.78415
-3961.60324
8407.92744
8738.75737
5646.97916
-9168.15404
-7185.38993
2742.03092
-2165.49224
-8685.51218
-9426.77961
7225.51686
4991.92524
1826.70184
-9750.23949
975.00938
-2529.03579
-1664.84197
9743.72441
8957.84114
-5859.26887
8338.84394
-6872.10908
-2984.44689
-282.87515
-7462.37869
-8308.97025
-3283.35680
9412.91666
-7696.79240
-6865.79576
-2527.50585
4477.82949
887.62516
-3874.38843
-2570.15241
373.40516
-6884.64241
-3229.44838
-8036.64935
8566.84487
3457.70165
-778.94172
-3976.37652
6668.89124
3170.49934
-8072.74742
-2449.20347
8606.44213
-4483.66636
6559.12598
-9698.44485
4153.13410
757.42241
2911.01378
-6082.58245
3816.15403
-460.54252
-7663.46434
4314.03195
4265.41372
2923.35225
8112.04811
8405.49437
1570.12055
7303.14471
9701.36521
7986.96815
-9153.88274
-5351.07176
-6442.59127
-8926.56393
-5575.31236
634.16602
-5496.70357
-2043.94324
-885.01077
7311.68171
739.98564
9508.14125
-3796.36505
-4345.92933
1859.39572
-3713.48036
38.29913
-1533.41990
2520.08985
-7493.17686
-6026.71803
5111.17715
4307.32643
2989.91240
7702.37298
979.21331
-8739.44135
5577.77754
-7661.54129
-3069.99064
9312.84853
9262.61691
-6098.63051
-8119.93480
762.68580
8237.93146
7521.77845
4471.52052
3116.05428
9328.63066
4660.66412
-4240.25300
-6491.94219
3346.63907
1279.26524
-8089.72418
5887.20922
-266.72410
-9715.69349
4257.10896
-6579.81897
1334.11570
2212.92459
5096.18218
-68.41464
-6271.30294
1953.87272
4291.88020
6824.79681
-9700.76348
-8803.93329
9074.13018
8406.35105
303.52017
3796.04023
-9465.47880
-9669.05978
4406.18780
150.39928
-9446.66208
3185.60549
5386.87468
8577.87980
-1220.55483
765.15690
5388.19314
-4139.95605
-4548.84464
-7170.05040
-5516.53644
-7974.72743
7893.89776
-8909.99717
439.62301
8711.72867
-7695.09784
-8337.10491
6902.34473
-9628.44904
8723.77355
3869.03712
4356.92182
-797.29851
-7442.63033
6237.48395
-4315.83096
9361.51824
-2922.84156
169.88576
3652.34578
9011.90079
5606.20296
-2473.86306
5184.86879
-497.51617
-4025.06665
-4089.10670
-8802.91578
-4934.91463
-6875.15076
-7607.18725
-2157.21899
3985.44855
-2899.79228
553.32324
-2939.22612
-7793.81836
-9676.11888
8865.58696
-1357.37821
4750.55730
-6130.31709
2807.35311
2265.36851
-9426.23077
5261.50598
-4729.80355
3919.19831
1570.06946
5750.41265
2953.24052
-7536.00882
9954.70030
-5473.23865
3647.37570
3902.79477
8280.30174
9379.06646
1047.47907
-3674.64182
1979.09983
-4750.75949
-7483.85380
-4621.43218
-2888.69346
-3927.72023
5764.84858
-3390.07917
-9470.00960
-7639.88750
9478.17073
-4207.14954
853.98843
8333.68561
5757.63840
2908.72762
-3111.73502
6201.46723
9794.22756
-3072.44402
-8674.47630
8370.26072
2658.23564
-1057.18010
1014.57458
6783.45720
933.91420
7097.62134
-9467.65049
-7472.80126
2815.06257
-8179.17527
-3894.41874
6213.57381
-9760.47443
-5698.10586
4366.07430
-5284.17608
4823.97475
5777.64859
-7178.51747
-6610.94424
-6104.36202
2199.48827
-7842.50069
-3046.33330
9282.54613
-8203.57670
1774.07666
3483.78502
8975.38995
-38.70401
2490.83168
-4610.88667
1426.84299
3149.64571
-6707.82315
2892.03213
-1273.07567
-6251.12318
-2272.49547
4027.69084
8386.07496
-316.57316
-5667.38010
-3812.76691
-9170.65382
7071.26832
4704.77709
-3951.48950
2491.91833
-7998.60410
4241.98244
-6022.68356
-6572.83735
-2830.34598
-220.27393
6190.46943
-5504.37823
-8261.10280
-9610.53305
-2197.24654
-5293.42155
9154.22146
4006.10130
-1954.09628
3736.32668
7066.78450
-2775.99414
-1477.53458
-4213.68716
4214.29395
-46.27968
4815.71987
-1381.72194
3951.04947
-9469.28371
1216.54407
-7285.15538
-6470.13420
9575.93129
3628.60308
-9521.44870
-8039.23837
5983.68142
1347.78551
-3017.86032
7556.82069
-4618.92943
-6730.18295
-8288.28086
-4107.73211
2229.32603
-1931.39980
6429.65790
-136.88690
-3802.95276
-9080.29828
2208.57810
1417.01712
-4022.39985
8482.34911
896.30124
-6691.06107
-6776.95192
-7362.91429
7397.05061
3058.56451
-6958.99097
-5156.02226
7775.16581
-1905.52192
937.61984
3679.80081
3699.97848
-980.98377
-3778.47580
9933.53125
322.10506
5073.31227
-9710.97878
2160.46903
-1578.06234
7816.09533
174.76857
519.05749
4070.24918
4302.88573
1159.87320
-1316.61701
7586.29832
1191.11609
8922.63632
8643.14961
6280.76420
9479.33188
9866.78783
-4487.27808
9604.70107
6668.42284
9829.76526
-1898.03809
4508.50576
-4192.30285
-6841.46399
4256.34293
1417.78717
5965.15509
-4025.31610
-1873.42601
4446.72453
-8115.45357
-9035.02443
-3800.25589
-580.26250
-8916.77022
2133.30807
-6414.38772
988.01114
3946.28576
-2799.21146
-2975.11592
8031.65287
-8197.20517
1449.58917
-4306.12759
-9602.03960
3903.37721
-2387.04059
-269.81735
-1425.66618
6733.46707
-2553.78001
-9596.14192
-9842.56257
2718.42844
4059.37990
-1270.60214
7856.36686
-5023.76536
-822.21076
-442.60287
-2253.22321
7478.17179
4113.90859
5624.26353
-1880.49389
-8842.12147
5220.41727
9932.24059
6808.27586
1644.53533
-7572.00798
-9641.33418
7659.86879
-4358.70084
459.58642
8049.82956
9127.46529
-6707.49360
-1558.88296
8148.65984
-2597.95213
-5545.57674
-7702.21993
9068.93568
2946.63900
8387.79306
-2288.91607
1826.47525
1700.19843
-9896.20012
4062.17027
-5097.04945
-4949.12693
2399.19769
5895.27356
1674.66170
2262.03772
-4078.49014
-9413.41864
8441.51584
-1013.17471
-1391.76401
-9924.67264
-9542.95660
9417.46429
-2811.99241
-105.75240
1921.50425
3685.59380
9454.45700
219.81890
9996.41869
3683.59215
-2305.22240
-5269.96130
1135.43364
-1100.93357
573.56760
5303.06135
1248.58930
-5340.65892
-6969.09627
-8459.68313
-5576.89533
471.66222
-3123.71550
-6420.58496
-2985.82123
2996.59871
-1229.69412
-5431.68126
-6680.05756
8306.20343
2387.31326
-5345.78515
6662.98660
-8294.65413
-986.93415
4810.05037
3698.11225
5493.14295
-5766.60189
8995.66468
-8110.18952
-876.27837
-7509.26789
-8715.41676
5042.06488
-5384.86988
-7789.20570
3366.38364
7274.20116
1597.00932
-9283.81645
-8412.12546
-4951.19961
-3907.71423
-7368.09731
5245.05685
-2870.35386
-6324.51073
4477.64268
9322.42498
2363.32046
-5452.37762
7457.41418
1594.40130
-4681.48517
9325.65620
2717.42563
6231.11044
5095.02768
9272.09583
6076.39953
-8809.23086
-965.03585
-2261.19114
-2435.37965
3446.09242
2116.59400
8267.21744
6217.97038
7233.91445
-2417.99876
449.39035
3240.13413
4073.05230
1796.41682
1836.22537
-491.10312
-1227.14586
-444.05777
3365.47125
1822.77071
6264.43344
-1709.97770
-4077.07537
-3627.68773
1701.24693
2343.92722
-203.69037
9004.52729
1540.06806
-5657.23444
6036.68875
4410.05754
-8342.89377
-3574.00586
-9026.62129
-8656.20606
809.46688
-1847.56561
3090.82923
-1794.40168
-8222.73818
3732.54273
5604.88397
-590.32505
-7231.42269
4123.36074
6605.66663
3691.75252
-3211.72662
3419.01484
2924.61600
-5149.25663
334.91007
-9846.66244
-84.01807
-4303.22821
-642.42073
-3910.88050
5328.22836
8472.31229
7717.00424
3228.78089
-1676.25172
-2978.73749
-8050.46708
-1826.31245
5887.36342
3079.13498
1529.55067
-3818.28316
3821.92262
-5457.69376
3242.46992
6545.63362
-7421.47851
-2318.41451
-6807.19102
-212.19832
7093.41331
-2279.49203
3299.27514
9384.88750
2492.16256
2600.07600
6855.88141
-1556.62273
4202.42691
7524.42938
8935.37045
-6664.28990
-8824.32810
-3904.31780
3108.26024
-5318.25530
8221.16940
-3791.96681
-6467.82459
-5942.35205
8108.17091
-6741.30871
445.95756
-465.71477
9291.11351
54.19010
-5857.34552
-7203.04880
6382.57024
-734.07115
-5347.52898
8526.15280
6539.59857
178.81627
-791.87306
-3531.83613
461.24266
-9309.98058
-3598.71994
-5358.38010
-4130.00717
-5531.92932
2175.61286
4678.92567
9995.90213
-4442.91439
-2260.34194
-8748.62718
-4988.72482
7991.40986
2189.35033
-709.92674
1391.59856
-6789.94816
-3107.33695
2593.53477
3256.10169
6419.64633
429.70096
-9373.59931
-8527.59620
6579.69913
-623.98064
8560.15569
-3371.87842
-8701.85010
4458.47854
7226.05622
7378.11895
-7335.16852
-3143.07760
1077.15462
-6837.23171
-5903.22773
9272.81358
-3710.74288
-6794.24917
-1089.92765
3149.13252
-3925.68661
6201.32386
-7262.64863
1253.15644
-4204.38753
-8320.33948
-5619.48341
8760.85526
2202.73052
-3478.05334
-8406.63613
221.17533
3640.57206
-7112.33598
-4838.03925
-1959.10355
1111.99546
8855.91947
8954.90755
9919.34066
-3368.61911
-7075.80305
9528.55749
6782.75644
-1121.23465
-4721.22853
-4086.16329
6468.49404
-7919.91341
77.70914
4375.27383
-5247.76329
-8531.30860
4213.40172
7861.88024
4397.23852
-9425.09356
-1751.41450
-281.55844
-3108.80706
5711.11588
-697.81011
-8947.53718
-2398.20333
-366.22903
-2530.35886
-1887.61737
3145.38890
4867.31079
-3664.07899
-4361.78241
9841.65613
-2573.63371
-6961.80328
-3287.21563
7629.24734
9572.93617
-7007.93849
-2576.99836
2284.21252
9462.46833
8690.14757
3719.89130
6910.23375
-8479.27494
3325.26880
-9483.19140
-3050.66112
570.32749
8578.45030
7469.77913
9103.92598
-1221.86631
-7441.72954
2858.36944
-6471.55318
-725.00979
-3133.58870
7383.59006
581.24489
-9661.76412
7542.87865
657.95645
-936.40105
-8442.62856
-3759.28055
-8156.27700
-1704.40859
-4120.68827
8491.58639
8431.61273
-2794.37971
-781.03696
5069.42060
-1089.42713
5578.50798
1417.02807
-1669.76090
5124.18994
-3692.59399
8646.39327
-4198.17960
9792.86029
910.16987
8010.05742
-4905.05783
-7579.91706
-5001.21713
1686.45665
-8771.11820
7770.49564
5162.22582
2500.60815
-8385.46176
5565.08279
-1789.78582
2596.71730
8162.97195
-1726.58028
4407.38714
-2912.84807
-7529.51892
11.02266
-4646.40672
6341.70735
-1163.02476
-4646.44350
-3658.24306
3199.72205
-4444.21228
-6829.16541
7792.34171
7963.12572
-6112.15308
617.36761
1986.97600
6189.73612
-68.19095
780.16450
9668.10629
4257.63006
4727.26258
-4067.15709
6118.88325
-7811.41166
4353.59944
-7285.16751
2624.11759
9632.54421
2141.89176
8670.65662
-1976.53927
-7442.08086
-3607.97761
1817.81827
865.95084
-292.78021
-9479.92418
1592.03931
8812.26516
2917.92850
8097.57487
-9006.71834
9824.42082
-5496.03390
-3510.33914
9092.05794
-4397.71839
-3749.09444
-4282.17294
4856.81260
1999.69209
6550.63866
9855.22984
-5672.46325
1204.70020
-7659.43712
-9985.42339
-3065.54434
-253.64272
371.74259
8692.15588
520.86973
9776.94215
-4457.23532
-6340.29013
-3654.23710
60.70138
-3600.13976
-1359.84868
4376.64207
-387.42421
5160.24971
1155.86833
-4734.32520
9971.40032
-7696.07767
-5580.76971
-3763.47952
5474.48165
-3239.64634
8908.97278
5996.90059
9902.25095
6701.91463
8792.26347
5897.77564
5002.86947
8784.04950
-6522.66322
7007.21390
7093.94995
-339.33181
-5858.74058
2254.98653
3982.37430
3658.00019
9595.35908
9299.83253
5083.23829
-3578.54238
-3168.41176
7859.19363
-7329.76814
8640.32531
-9201.96355
6313.44239
-5630.66940
4851.82330
5824.98386
3583.50945
-4581.75662
-8631.32526
-608.16333
-5358.67588
5696.21552
480.40041
-830.37399
8631.54505
3375.71035
4376.89215
-1622.71648
7947.89696
9399.43512
4652.39729
-9376.54637
1608.09150
-3576.83254
551.11443
-6294.30562
5124.03329
-6781.50412
9726.67887
-4401.32399
7130.16439
8685.41896
-6096.96840
4012.39289
3378.92452
-4870.60011
-6714.34168
3378.91451
-1985.30499
7713.91772
-5163.37066
3533.43680
-5107.48416
-5757.60760
8484.67445
2460.39484
-9786.33442
6712.04328
9756.62576
7948.52101
1380.41995
-1370.64924
-8610.82063
1747.12193
-8899.15317
8079.58633
-2217.34574
6061.50928
-4445.80804
-8013.60531
-8709.25453
2857.49421
5874.06119
-3403.54660
954.17271
662.27557
-4410.88157
-5272.93950
-3313.34218
-5348.98187
-5101.97023
-6189.30796
-4455.66738
5794.01606
9912.70139
-559.68996
-3985.40546
-3504.29149
1135.60033
3733.44894
6583.38023
1224.39419
6462.81322
869.95395
1854.23885
5047.85475
-7126.86875
-1476.59977
-7824.40092
-3783.12510
414.89299
-4416.46745
1813.96814
-5806.61188
-9144.96243
9737.40414
7115.08173
1426.70648
3109.92831
-7023.44313
-2216.36128
-3685.03181
-6223.98348
2418.78111
-9700.56202
2557.60018
-7771.19932
2339.62349
-7648.18290
-9350.13352
1532.57017
8854.96671
820.49133
3109.79520
-3720.49564
-9949.15326
8525.63110
-7818.65723
-7625.05187
4521.27016
-2402.43603
-4426.13043
1000.07834
-5191.92741
7356.19319
5575.27387
-690.20543
-4143.60180
1465.52699
-5342.57841
3155.12502
-5405.66477
-1512.98964
-65.55674
-9922.69331
5475.65209
-1692.18270
3911.91383
5805.10484
-237.43642
4236.27236
-4061.81328
1264.71358
-2582.20189
-2006.47386
2603.03740
-9989.67652
8223.26198
967.70643
-7020.33669
-7564.44454
-4491.49316
6248.10468
8275.98913
-251.74624
223.48371
-2236.01928
5413.81658
-8168.13947
1949.17259
-2609.64240
-9956.95242
1939.11988
7091.98028
1845.32252
-1883.16635
2523.42449
-3998.93474
-35.21854
-2224.41405
-1430.38046
-6137.01527
3362.88599
-2645.92497
-7593.25303
-8581.74727
5841.51503
-9797.01086
-6114.00235
-6626.41383
9777.08870
1959.72935
-8426.45155
-9536.68461
338.41131
8274.97803
4095.78062
4315.24314
-5239.36205
6469.00113
4421.60731
-8675.25993
2274.37165
9930.25174
-6000.19103
3595.22984
-3482.80157
-3822.84432
-1743.92713
2615.76571
-6691.53747
9211.66323
-558.44269
7056.46922
-2887.62733
-7572.94136
173.87714
-5532.32700
1421.71812
5342.41411
8189.25534
-6893.33721
3898.10935
-8035.69817
-9307.03277
-5652.64748
9260.64443
-2210.89432
-2787.82313
-3327.85392
7941.74278
7680.10914
-6382.47070
6430.03972
-786.29150
-2653.99828
-7742.89519
-9043.47710
-6829.32237
289.37336
-8495.13481
-8118.39013
-4888.87267
6370.84334
6369.47646
58.27362
-1371.79702
1306.56885
9717.46466
-8964.90219
-8565.95030
3815.52806
9857.93870
8661.89874
-7139.33467
6793.26872
7769.82075
-7131.95061
-2460.79733
-9289.37399
-1544.90025
5805.40490
7741.56979
8207.00673
-4891.57640
8301.37955
4817.88849
9119.03725
1978.49583
1391.95526
-9059.04521
-9263.54203
6008.86047
1014.43826
-9719.15037
-4907.86454
-3062.52537
-3482.39846
8388.89143
1253.51477
-6382.48576
3563.67060
6406.16861
9299.74667
3835.13514
7271.96907
-6803.47227
5014.07764
1511.57093
-1045.07225
-2961.35013
-3647.30137
7839.07378
9621.65859
-2567.00699
-3484.39360
9505.58247
-8662.53092
-8016.11855
8371.23568
4951.00589
-8339.24514
3352.18623
-2421.08495
-9466.52543
7040.71960
-6434.31668
-5473.30743
5284.27018
-4954.04665
-6288.80453
1343.76282
5472.47905
-3062.52288
8280.85581
9762.92368
6351.30842
-9504.30582
-3935.70109
-9523.15749
-2505.32652
-4120.69067
948.31640
3803.28079
8039.16070
2616.06152
1277.11822
-4921.36689
-1348.04040
-1113.21769
7275.47825
9326.58532
-4519.73334
-327.17707
-8799.64683
-9256.79366
-7351.29071
1734.20816
3826.29803
7009.77809
-305.58944
2832.03797
-2487.66060
1485.28942
-2245.50514
7226.51126
532.50649
-6330.13244
8787.17867
-3454.98062
8335.42057
8819.30495
-8870.13526
3315.42675
1521.61542
-441.35649
-2100.97537
2859.08054
4043.55734
5027.78820
6226.81280
1666.64403
6036.61393
659.56421
-2016.31167
3211.11474
3919.62410
4064.53718
-8777.25585
-5947.30859
7835.25219
4156.90785
1661.25807
4531.86483
-4390.48645
3499.58353
-9892.71354
219.61261
4962.46292
9674.39027
1386.34540
-1580.70485
-4378.54910
8168.59370
-6606.58352
-2072.33135
3381.86659
6022.22791
7301.95267
-5384.14669
-4174.59055
8621.09998
9546.51611
9890.35325
-859.88639
-9972.01948
5610.29220
-3728.28323
3763.29931
4045.07954
4390.46670
-3632.53501
-260.10538
8025.20911
-211.11879
5392.70955
1895.19630
-8735.06729
3449.05676
-7199.79556
1433.43170
-3317.99275
6732.26582
-3262.90074
-7860.11509
-5021.67571
-8542.43449
-130.06777
763.23132
8539.81785
6092.12657
-6829.78240
436.08092
-3527.39629
-9404.11971
-9507.19255
130.86567
-4536.58300
8207.23981
8141.61066
-1741.88249
4731.40176
3838.21993
-9141.49266
-7342.12117
-170.02155
-9191.88160
4162.55271
9971.53174
-8616.53142
2321.66596
8038.11239
-1857.84521
-256.25272
9256.69560
-111.29740
-5530.34085
-323.75074
5103.05744
-4177.59286
3974.07165
484.69582
-9414.81469
3459.87549
8987.45997
2069.35127
2146.60245
2535.72044
-2672.45394
3555.20283
-5123.93422
5013.06927
9365.84211
6332.67105
4351.36086
-5979.55470
6584.45852
7858.00174
-9613.06866
8435.35946
8035.07665
-7338.12495
-4352.69897
-6047.69103
959.69541
2101.65696
3397.78600
6671.80251
3318.24712
7316.22543
-4637.00129
-9054.45328
-4239.24562
3473.64377
8078.09735
4444.53479
-7720.75276
9811.12423
-8145.08587
-3697.24269
-2073.16766
-3546.94585
-6021.90147
300.00002
4153.69066
-2646.49350
-709.93973
-6303.22328
-7722.83935
-7964.45449
-4705.03140
5319.60123
3292.04090
-3259.53959
-1292.67688
-9759.35073
6198.24703
7925.49276
-8790.71497
1937.60421
-1240.48732
-6168.87610
-5543.56160
1553.30049
5226.90165
3665.36625
8298.07034
9138.15711
-7216.41002
-4022.67504
7034.71181
-5070.69706
-6781.82657
-6794.01530
1944.72111
-1429.00810
-2437.94770
-4108.81167
-2495.96206
-8026.18345
2369.94272
-6490.19126
5179.34219
-1628.39017
-7123.10092
-1650.86268
2832.27707
472.18882
-2420.53300
9003.60549
8220.62157
-3590.26659
3875.35606
3247.09566
-6488.29694
5897.01015
1620.08803
-6487.85922
5646.05208
3449.08520
-8843.12611
-8332.09547
8177.30499
5717.80206
3545.23596
5734.65240
7334.27209
-3731.14711
424.84420
-9526.97000
2808.56666
-5541.62041
-7378.83559
6747.50382
-7554.81259
-2433.79187
5399.80614
4435.96869
-9608.48364
1297.68382
-746.05036
5271.12480
342.63021
5068.84910
-1563.26613
445.68423
-1514.16469
-4610.18835
-7980.10676
1832.96989
-5279.87843
9876.39264
-5544.89248
6335.39804
3713.37558
8349.35798
-738.36955
-225.43087
5426.50653
-7266.27277
3964.89149
-2891.89524
8406.76851
-9973.01454
-1601.51016
-9209.25808
-99.76484
-7328.38498
276.64366
-2654.09847
4317.31777
-2512.48920
-5864.42580
-8317.98951
6983.53446
1881.28697
5726.17120
-8249.93766
787.63399
-9420.24253
268.73845
802.42715
-2744.73642
9845.04761
2487.04534
6001.16626
-9878.45243
-5706.65593
2334.77114
2693.29439
4758.51607
-6132.28106
2238.81408
1422.66325
4719.54187
6787.42798
-318.34437
1228.48284
-3022.24959
2839.34644
-2120.25549
7335.23937
-910.40058
-601.83362
-5729.76874
-2641.86300
-5638.83429
-1352.14216
6594.68270
2800.75785
6379.32442
9986.63172
-4332.80832
6624.29240
1122.18791
-4206.32443
2526.57194
4406.42914
7863.54425
5723.10563
7670.80942
7858.23180
2238.95953
8820.40479
3471.90379
6282.08646
-3271.44242
-4837.75706
-6133.87074
6332.18336
244.67789
8968.10097
4147.27347
2411.93004
-718.36049
-3948.92899
-3059.01638
-4822.30549
7324.28631
8065.67739
-8765.21367
2839.16112
2961.49908
-2378.17995
8873.13752
-1045.47652
-4478.47239
1868.29764
-4474.62909
-9802.63663
6771.35442
-9068.13509
1387.96754
-5237.54663
-9696.37072
6372.65612
-7469.03210
-6608.85912
107.18586
-2937.33661
-3893.72924
916.99893
-4036.97012
-1459.07939
3113.11720
3500.71616
8592.11029
-5178.74730
7265.36870
4326.96580
-7101.88152
-9159.45959
6090.80247
-7615.68310
6858.70128
6211.26757
4152.06022
2563.30552
589.54529
4844.17421
-6673.36881
249.69033
-1419.44654
-6700.53807
-1191.22339
7934.07716
5609.72333
1116.44448
-6759.72857
-3883.51936
6130.55025
8169.00665
-8691.10353
-2596.61064
-6341.36221
-9564.66800
-4459.94036
-4781.56682
6469.31868
-9006.50032
9971.52084
-2773.86266
-2072.86247
76.01214
203.61660
-1594.78579
890.21950
-3936.79089
4798.98156
8584.91054
-5764.49772
6666.36184
-4449.75501
8613.57191
-8624.58088
2099.04281
7001.39000
-4383.63852
4906.02327
-8221.54018
-5801.70211
7523.61251
-5190.02080
6049.36044
-1879.41675
8953.08112
-8932.07859
7110.26278
-4065.38839
-8800.27741
9050.04283
-2272.56106
-1403.90775
5452.73737
-7905.46814
7086.80068
6846.14443
5599.09744
-4468.78254
-7477.61964
8879.70351
6910.54677
-6098.36766
-3249.89677
4914.66838
5465.30364
3358.11873
4019.15907
-7015.71077
5141.29931
5820.03051
-8678.85713
-5448.79467
-6202.73979
7469.94286
-4304.33367
8740.96053
-7985.40624
3002.88513
-7163.72679
-9679.03555
6963.91913
45.07509
-418.28766
-3321.11782
9869.27880
9911.99060
-5348.67885
-4664.71519
7406.67451
439.72666
-9832.34785
-169.19093
-2327.96227
-7862.05096
-7106.23407
-6911.54870
-802.51048
-2453.44130
448.84233
3607.76785
1539.36235
-7501.41806
2577.52653
-4733.87467
2422.59028
-759.24521
-2014.72508
8927.34513
4879.13248
499.27728
7341.28438
613.99868
6265.93435
1437.80754
-6936.73490
-190.79053
-3662.47531
-5321.29025
6650.52767
472.77613
8965.38410
-6209.33189
-7742.90799
1.14250
5128.20775
-6364.31580
2238.92995
2140.83587
-7230.31399
-1653.04861
-7659.35039
7414.47560
-9220.00761
3734.15108
-827.73768
6541.83582
2095.81747
8905.92337
6540.83074
2099.85753
-5796.78559
-4915.26712
-2159.45814
-8929.59153
4349.47657
2187.40152
3486.02349
5063.43211
2563.53041
7249.20691
-8289.28628
-5298.42687
4576.54033
-4863.82596
-4081.72745
-9507.30034
-8780.24738
-3106.49216
-3956.37884
8506.84319
-8121.10967
7131.25987
-8481.63062
-1367.57266
-2755.29733
-9273.25458
-2114.35307
-4425.05304
-8119.27509
4578.96751
8957.72487
-1180.64049
4960.20582
5771.83559
-8436.76554
8709.27152
-4615.80944
5073.58458
7005.11413
-1577.48595
-1621.47568
-3650.27094
-6400.05469
-305.54001
7173.28945
7218.04483
9337.01929
4533.56431
9727.56167
-4874.13308
9314.37879
-5980.32861
3603.79769
-1125.62134
-8681.15071
8989.68267
5699.81284
5302.75511
5068.66921
-2617.66759
-7716.69274
-6966.96651
7841.66908
5136.18862
-1225.75344
6940.91141
9678.00597
-9724.53731
3024.45790
-4997.86610
4323.31821
-3961.76555
-5953.81226
174.30490
-887.43919
-9144.38457
-1772.88854
-8828.59559
-7505.81557
521.35586
2331.78738
-4408.81899
5143.37407
3978.34866
5038.20337
6786.62929
-8680.46644
4496.36007
609.33169
-7801.17543
7701.43651
5684.49320
-6812.97562
-601.66033
820.30132
-1247.83286
-9602.98695
-9302.92523
-8074.97997
-6215.25824
-9057.23230
2041.11446
348.13730
-8023.70706
-7776.29737
-4872.09193
-7024.93460
-1028.59208
5159.60888
2836.97172
-1875.17242
7268.99933
-4209.13441
5451.97756
3172.45586
2734.41965
2162.05127
-7168.86348
-3606.20758
1922.13543
-6105.42161
5666.31932
1210.96615
5130.61530
1755.16757
5092.67296
8036.02124
9975.31526
3779.62064
5084.90207
8195.40154
-9141.75375
-6299.39541
3713.58266
-5086.99047
4979.90517
-891.95353
-3324.11276
1442.30904
239.67140
-4254.03229
8116.02423
-2881.29619
-5178.68760
-5072.13061
4853.88136
1309.58961
-1307.95232
-2993.15063
658.15136
-7211.45801
-587.19541
7610.05735
8061.96990
-4951.70554
1608.62666
3825.37930
423.10762
-337.23450
5591.66975
6960.42165
-851.16815
3189.17694
6803.24483
-8108.28055
-4545.07979
-5374.69466
-9290.53780
2272.34785
3815.38615
8461.47708
-7578.26581
-3327.86199
2375.56768
-2111.33473
2114.26817
1199.53629
2710.08325
6738.22005
2675.53796
2567.37065
-8433.93359
-2588.55039
8358.43733
1858.97530
-3426.89694
7373.28939
7746.17333
-3141.55678
3612.38175
-6954.01221
-8959.95183
-652.72637
2716.17458
6674.59010
666.95182
4027.60307
-4910.48663
5799.96009
-4686.06719
-4952.93480
-4024.61690
-8425.78556
6793.43619
2555.02498
7465.34523
1094.51693
-9761.52212
-9410.49076
3087.73372
-1697.98434
-2206.82381
8473.42413
7873.09486
5009.42323
7984.97796
9952.61364
-6448.10723
-1910.76029
-9184.91459
189.01185
5342.62284
753.32309
990.68255
-1276.34828
1094.76046
7909.01734
-5411.73620
-9734.95160
5268.82362
5860.70028
-3201.09638
6975.57199
4265.47531
773.23231
-2311.66354
1196.05919
-2666.75365
248.48792
1241.33731
7818.77792
-2814.17051
7019.22111
4751.58142
5368.27238
3835.24997
7700.01677
2027.70949
8672.54673
9592.03694
-2494.57069
6415.71960
-8004.43988
-5418.02880
-5658.04734
4980.89148
-6948.34566
-4829.54749
7831.04264
-5164.19200
3293.65415
9410.62826
4918.08050
4799.84463
7756.05234
-9494.53166
-6453.67283
521.05712
8144.79230
-5284.35884
-9490.24136
3794.71122
2089.30554
5075.07743
4716.48892
-7902.27111
2346.30626
1943.62138
347.56488
3543.67385
-5277.01749
-195.11926
715.79822
-578.51483
-1284.04504
-2546.36359
1.65073
570.82634
-3662.96330
-5939.02542
2650.82567
5057.45481
-925.94226
-9552.52266
-512.21184
8322.53078
-1354.05859
9593.10528
6547.62246
-4079.33677
-3295.17805
-8167.56018
9356.42617
7184.22304
-2348.71083
5969.16354
-4051.17933
9565.47631
6291.73999
5246.75293
6891.79697
1979.24570
-6377.41625
-9875.75058
-959.89621
-1911.64210
-6905.65990
2943.75945
-6800.19083
1950.13816
3436.12518
-9864.82185
649.07315
9463.15085
-975.07139
1927.97372
2735.30421
1072.78883
-7934.95035
-1848.78507
2400.37641
9539.78127
-6771.76399
-2095.78195
-2159.85006
-5974.94187
-5292.31818
-6842.13479
-470.66891
4.55197
-1543.93710
1714.70351
-3655.10463
2355.71016
7866.99049
3085.65244
5909.18355
-7700.12464
5463.46500
-522.56910
9676.11968
-7190.74274
-2240.20483
4159.74372
9545.02975
-2798.57415
7178.91695
3623.77650
6743.49481
-1911.04584
6303.55589
77.86476
9659.48188
3907.97054
-6341.23140
-5419.15519
-1792.16741
-7132.05105
-8002.53007
4266.01723
-738.21367
-7683.65100
-4107.88410
-2494.87997
9737.26219
528.40014
-4440.57759
-6308.03744
9324.24653
-9365.26821
-3410.60020
-5014.88798
695.25665
9535.75325
7513.00479
-3620.59345
-854.89019
-8419.35312
-7283.58587
5526.80379
263.91503
-5907.46447
4087.55476
287.81378
-5218.80585
3406.25241
2303.67847
8094.43095
7802.52366
3316.79044
6979.98473
-4350.74829
-7627.55747
-150.78599
2281.94981
4149.97093
4588.44822
5065.80931
4416.71303
9610.79482
-1138.10159
-443.89070
3197.48703
7803.28065
6173.52611
6791.25682
-7821.18955
-7263.45155
3328.87098
-8344.95413
-6221.49743
-504.98229
-5798.49613
1898.50241
-6706.26716
-5533.15697
-5483.01009
-9670.54379
2360.98712
-3750.80172
3321.49685
1891.82757
6801.54817
2081.50030
-2716.79653
301.59089
-3492.05441
-9491.53324
2983.11749
-6303.19653
-1015.08673
1210.09844
-5921.81676
-4043.28100
-2851.95868
545.83890
819.80116
-4141.43242
-9014.37495
-6556.95915
1520.84934
-6889.98342
-355.26811
-936.75122
1627.17796
-7960.27709
9201.18357
-8404.97280
-4237.90328
-3575.39804
5461.51707
-8972.96751
-3359.62260
-9551.48877
-1942.63674
-7599.66699
9336.91446
-8291.31938
37.63777
-9285.23190
6581.59150
8579.03247
-9551.85312
8209.90569
-934.75071
-8760.39818
9783.01198
-1035.56090
-7541.47978
-6277.80445
-2867.76681
298.23551
-2808.33092
3409.05811
-7818.14818
-3119.53493
-5561.15594
-1408.21698
-6417.69432
5831.68326
4963.48112
185.55589
1960.77487
-1858.27490
4141.75591
841.48999
3725.20044
-3085.75430
-8767.93388
-4078.67606
-9795.37667
7088.72174
4199.84032
9296.00693
-3256.85102
-1023.63967
6724.81881
-396.15895
1888.28249
5858.23795
-4913.85646
-8309.28192
3404.85078
7918.64470
316.50004
-4884.20833
-9291.35686
3761.45078
5682.43046
-9108.78946
9358.59703
-7419.82295
-975.50826
-2709.93140
-57.14998
7786.31917
4378.71188
-8299.59469
6996.91602
-7620.66749
4768.35420
-8730.95112
8806.90206
6345.22744
-7028.38962
-6561.68532
9198.66518
267.31306
9948.57024
-5589.44876
1266.53409
9141.57279
-7490.80404
5547.46721
7506.86916
8500.93730
7722.54856
8972.27282
-3336.26606
6306.29860
-3683.30072
-798.44699
-646.17177
6136.17149
2227.92235
-9341.60134
9168.86175
-8729.50790
-1114.98387
-7542.20634
-7238.95785
-3026.18033
-9891.85131
1105.41139
-2571.69646
9693.27122
4012.30818
-2861.43247
-4696.42315
3960.22800
5983.61302
-7946.67954
9950.14337
-1200.07322
-4538.60383
-697.16231
4326.38912
-5588.56023
-4394.82889
7081.54936
2986.60973
6225.08206
3047.49167
7468.13753
-3546.79045
2280.79186
-3784.88888
-9938.77496
-3846.79967
5600.97076
-2431.95274
-5925.45953
1930.66857
6760.52181
-1413.20081
6779.07657
8849.71878
5009.01176
-4789.14716
-3601.69307
812.67111
7723.43606
-9833.20598
-264.51773
5089.46852
5289.36778
7567.69284
-5759.12576
3769.38475
4331.44750
-6208.54344
-7144.24898
4823.49097
3531.76034
1597.29002
-6775.25421
-2240.58668
-880.35032
7853.24841
-5516.30184
-2097.80585
-3107.16176
-880.08018
-5844.01282
-5944.38311
3329.61847
5646.46877
-6773.81486
2851.05918
497.80636
9924.65452
157.72466
-8331.59307
-8494.35104
3116.33725
-3910.06632
9647.98493
8823.18155
6516.05960
-8147.38395
-1120.91059
3411.86997
-3825.58993
-7558.45892
-1867.10602
-4322.30074
5041.40940
202.80138
1792.67582
1723.70148
6216.39643
722.59253
-4139.75875
7534.55754
-6149.62305
535.47556
-5230.73485
2122.87646
-8015.22612
-4253.95240
-6695.70149
1814.65583
1814.64105
-4112.40635
4604.23062
-5589.37672
-8033.72921
-5770.80289
-4310.46994
9322.99959
-8135.10438
6869.36063
-5240.70872
852.86659
-7708.90641
3324.34824
5005.71440
-4646.82522
-2639.46013
7757.75888
-1680.18762
-4910.89500
4925.97950
-4738.64560
-1982.10086
-8311.26953
4528.79146
-7925.59349
-2245.22221
1291.79731
-8991.57812
-9754.06922
-4825.20433
-2265.03679
-3112.72645
2723.99246
-8949.04646
8092.26142
-8707.15457
-8750.09171
1721.35218
-2971.85136
7811.10527
-8239.28000
-2195.03294
-5496.30142
1049.45968
3015.44712
-8209.33211
-3470.78367
9740.71276
-1602.95675
-8679.60830
-2387.70345
-9240.07058
-8755.40548
-2110.28366
-3742.59763
-7254.34935
-957.75158
8163.41829
-1832.65817
9190.22084
1375.01235
-135.48170
4389.63294
2391.70964
8643.83606
-8345.99838
4974.42214
7714.80732
-9136.82754
-512.96543
2217.63410
5685.15747
2268.20352
-7868.40225
-2057.35467
-6920.81548
-8764.24061
9317.64883
-602.91952
7357.04401
-9481.32375
8540.54455
3322.04605
4589.51963
-1456.46644
-532.30053
-437.88328
6053.33254
-1854.92873
-823.98311
-9151.03841
-4500.13126
-3392.88615
-6586.61709
-2691.84641
3364.33024
1680.02466
-6676.29531
-1983.92651
-9158.64451
-2780.19989
-3023.58591
-6698.32173
5484.83140
8870.11313
-5180.41018
-6798.33041
1949.41392
-6521.72478
-3305.19304
-3953.85787
6967.49499
9637.54145
-9052.55942
-3902.44939
9309.17000
-3757.74709
-6281.65751
9820.83099
2168.13120
-9965.16994
-5947.91040
4000.43736
1605.56566
3684.45810
-2879.71103
-3507.42023
-5470.07078
6967.24396
-9637.12250
4174.90492
-132.95762
5462.27981
-5374.66944
-3826.41603
-390.50418
-92.29837
-5958.88254
-2699.77044
9925.79133
-4910.92479
-5191.43843
1678.72450
7673.15682
-3843.10765
7103.83608
-5666.29460
4230.74917
-3921.33524
868.38359
-7865.46754
-2817.51698
9689.39742
-1007.30028
6831.49707
-5662.65031
-951.34002
7341.63213
-4231.97285
-7845.23937
699.76211
-1426.83011
-7795.78963
-3868.00192
2139.53044
6031.56582
5677.02154
7511.42938
-293.73855
-4566.12458
-7167.15722
7641.69698
-2714.71930
1634.25256
-5158.00668
1036.16588
6591.52384
2465.25189
-4218.24410
1613.89614
-3688.10232
-949.62709
8439.23096
-1433.49808
6848.91781
-7928.92025
-7852.87779
5847.99977
-9282.00240
9178.57550
-2981.37219
4525.07778
7124.22564
6279.22047
-2282.52635
2392.14481
7055.94936
-2349.33814
-5199.52908
4572.47260
-2455.03391
-6313.43075
-8387.55850
-4333.51981
-8818.73408
-4384.90907
-2026.01864
-5200.51174
-87.04423
47.76596
3599.18753
6242.07930
9379.79342
7536.47428
-3673.01538
5928.47733
-7900.02995
-4131.96845
1421.83600
-5261.68502
-9604.46565
8902.65162
1988.10138
6112.07824
3560.29213
-2784.45649
7079.65036
-3742.74059
3668.77659
-996.23516
9888.76909
1129.30046
412.02280
6480.70888
-7932.44539
-5739.55756
-9186.16623
-2069.40943
1898.58317
9323.82235
-3266.95668
-202.67573
-5353.39191
-4980.38386
9313.46235
-4499.67726
-2220.49448
-9627.61003
4330.72426
-8365.37584
-136.19470
2796.51174
-8737.20379
6539.96195
-255.86953
-1724.10145
-3077.71372
4150.41612
9101.96515
9098.13919
-4651.44004
-9466.36448
-5809.84194
1628.79205
959.55199
-3277.34113
4389.63672
-3120.02518
-476.69381
-3469.08557
-3315.92088
6576.30384
-3653.16494
-3943.28269
4178.59220
-4218.41086
-5864.73906
823.15364
9800.11078
-1908.09228
-2830.04877
5641.27742
-3722.51453
-1224.01434
-5289.55504
-7039.47444
-4132.56544
9955.24550
4251.23674
5990.59291
1126.49465
-669.56544
8001.35093
3061.62078
-4649.13793
-13.06924
-4103.89139
-8736.49728
-6669.00618
8506.80526
-7047.62491
-2388.77869
4162.45081
-1386.62708
9922.59397
-5840.39102
-6118.73057
-5304.82162
2565.36886
9891.01339
2492.81159
-1935.22794
2795.39865
4540.93517
3282.52076
-7853.11782
-5986.18651
-1576.25201
3349.86587
-7470.42418
-4605.13276
75.46136
-7334.66454
5478.54932
-6341.90249
-3698.23490
4700.24645
-7520.77874
-601.78714
1512.79760
2820.41076
2340.70632
-2462.07605
5670.67040
2765.43306
1919.15718
1054.46156
8319.71085
9131.17957
-6423.14777
-4780.65206
-9100.41236
-1325.71734
-391.72261
8804.23000
-8385.65917
5996.70688
3275.65898
4783.96052
3226.01076
-7212.86843
-9796.75406
1426.01319
-6934.65388
4367.62662
-1967.95366
-6905.80050
-1376.11995
7034.08041
7168.03029
-430.38063
-8851.69353
2216.35403
-9173.74229
5223.28671
2937.65723
5417.18177
-3278.34476
-1612.99121
9693.90627
-4814.97729
1633.98313
3048.85471
146.21000
-3402.22285
4759.09491
-113.02664
3309.42134
3404.26058
5026.84633
5109.07158
8534.85227
4214.96171
-8874.41123
8078.63431
6732.48631
1108.80346
4472.13400
9490.61277
-7385.32710
-8679.93339
-8591.81431
-7852.54832
5363.94225
1213.59545
5258.49585
7017.59477
-1069.10729
-5832.50989
9571.88155
8949.86262
-1621.67389
7670.01555
6237.32901
2079.07245
-8225.58318
8293.73251
-4123.75773
5948.15535
2075.25595
-8722.09381
2938.91731
3712.93023
-1620.47235
1139.96087
8787.52344
-3971.71875
2014.11199
6919.62747
-4159.70213
1618.24629
6780.26990
-5867.59687
-2915.46819
5860.52050
9305.97681
-1635.53345
8196.61067
8176.21481
2048.12787
1894.76259
-1070.31026
7855.83265
-9801.45056
1380.59307
-8953.97327
-2130.43166
4848.46355
-1467.76014
1558.70780
-9980.19323
-4918.36323
9769.50716
721.07894
-8997.88246
8732.51634
1910.50109
9549.42168
317.01857
3737.97020
-3683.50016
8076.15350
-6165.84217
-1308.33400
-7413.60638
8240.94366
-8617.89595
-6246.71050
-298.24861
-16.01208
-9881.61875
6423.44095
-3322.07503
1628.97724
-4507.66770
-8309.18225
5782.84370
-3211.23633
-1819.84735
-7267.34271
-4697.45924
-4750.07378
-7789.35166
7388.90643
5998.71019
8675.05068
8656.73885
4750.88297
1803.79680
-3057.39100
-8041.53992
-705.19828
-1417.61280
-2338.80535
5721.39775
-4534.64298
-4029.56394
2028.24667
-7596.50860
5977.56838
-3061.27836
4156.81688
-8994.96113
-9628.79879
-1309.72959
7469.30331
2270.06547
2652.23847
6626.31819
-274.36744
-6124.77368
34.63608
3039.02319
-2367.38207
1823.66428
426.71127
6261.83444
8396.88021
3337.73596
9495.55720
-5714.45318
1020.70207
-9537.81043
2785.78070
-5402.31915
-1900.09069
-8995.84448
3730.35465
6155.44793
2.3

