-27471.37305
-25761.54102
1306.12939
39085.21875
19366.40625
-4504.12109
-11071.79297
-7229.75000
-15740.05078
-20021.04492
-42540.14453
-32147.83789
-11465.54688
3035.82129
11522.01270
-982.78809
-16981.08594
-7398.65430
-19225.69922
26276.17578
-17181.36328
-14770.56543
-39109.12891
-11875.12109
-4341.19629
3709.14453
-14374.97754
-32459.45703
14893.71875
7050.97949
41324.54297
-30739.56836
-16129.16797
33765.59766
11787.35449
31013.69727
-12261.33105
15468.25293
8796.49902
30875.30078
21503.77539
-23717.91797
7017.48145
2735.09814
36590.17188
36974.57812
30357.12891
26093.67188
-14164.12402
-14546.60059
25157.13281
5558.44434
-15195.90625
25004.52148
20683.97070
23850.05078
10413.32617
12860.85352
17281.59375
-8970.88672
-25266.41211
10728.87207
16638.16211
-30297.28125
14716.71680
-418.66748
25311.64648
11748.28516
-4702.02002
27490.98633
-21067.03125
13239.61230
23970.84570
22275.42188
5563.26025
6732.24121
451.42871
-15166.49023
-17621.06250
-27534.72656
31125.01562
-18263.77930
23964.27930
-6831.27539
4696.14844
-20669.54102
-22967.07031
10439.84766
-18624.87109
-19848.28320
27817.76172
2124.00879
16291.09961
15230.91113
-4196.89502
25203.05273
-24749.32422
9661.93262
3283.80859
6450.37646
-16543.00977
30847.76172
-24623.76758
32877.66797
13264.10449
30616.88867
36861.14453
-24682.53125
-5683.28857
3600.42139
-31911.10352
38554.22656
15422.41504
27746.70508
9787.37207
7200.87256
-29941.80273
9111.66992
31724.72656
-21268.12500
-35682.89062
13578.84375
-38956.93750
24489.23047
25917.71094
-35123.75781
34124.11328
7011.26074
36172.99219
6842.80225
28844.10938
-24066.37109
-32756.64062
-18698.80859
-9127.55859
-20826.86719
8163.35107
-9641.24316
7285.73926
-26509.73047
31033.81641
26005.02148
12845.21680
-3875.54102
18789.05859
-5643.68213
-16905.20508
15862.56641
-6559.07324
21045.27734
8415.43652
-5130.95850
23454.68555
-6344.56152
8254.91016
-22388.61719
32763.52734
-26811.73633
796.62305
14336.50195
-16247.39648
-21235.75391
-2071.71973
-35785.92969
24788.95508
9010.55469
-5634.19092
3940.96582
-14483.58984
-24893.49219
23381.04883
-3735.67334
-12420.06934
10479.61328
18641.27344
-2415.18555
-5102.57373
-16689.07227
-26313.40234
-17137.06445
23603.75391
10345.50977
-24098.15820
7619.42676
-8547.09375
-3155.64917
-21467.23047
15074.36328
-4665.29639
-20448.02148
11327.32617
-2658.20312
-11534.11816
-7545.36279
-24051.84570
-15640.29395
13825.45312
-21704.36914
17111.30859
-1534.03467
-38294.50391
-20263.34766
24270.91992
162.84961
15451.97852
-18232.18555
-8520.53613
-17652.21094
30677.57812
-8554.64453
5512.19922
-11786.16016
43308.23438
17473.69727
664.31738
-6995.91992
-32627.77539
28455.96289
-17101.14844
44319.64844
17609.10547
-16677.22266
-30322.15625
8050.81982
-15598.08691
-20437.62500
-35366.27344
-5311.56250
12901.94141
-4679.32715
12495.50195
-30728.20703
16233.41797
-9289.59863
-1526.65295
-29541.03125
-7105.15674
22066.27930
28166.71094
10817.16406
-3932.29150
-17509.75977
34789.14844
-4517.37500
37721.42969
17908.10742
-13095.13965
12264.11328
-28631.69141
-11586.83984
-16649.08984
17204.47656
-23965.68164
5903.01514
16782.74414
-37353.26953
-7862.91309
-4578.98145
-39357.55078
-12884.58008
-13574.23145
12852.81641
1152.74219
3169.14819
15533.23047
-21325.88477
-3784.07666
-8751.87891
8945.24023
31849.78906
-22574.95312
37868.07812
-36823.78906
-5062.51611
-23699.75000
6044.31445
-10311.15234
39555.71484
11286.72949
-43222.36719
12545.60645
-29646.87109
11588.91016
19861.19727
16710.13086
29419.42578
-15566.61914
7206.92871
-6828.17041
-43024.58984
-5754.08398
3636.51807
22754.72852
-24938.17969
-5902.98682
-10091.83789
-15542.75879
18028.54102
-23543.98633
-25407.08984
-22169.78906
-24936.46484
-22130.31641
-8924.69434
-20906.74414
-9870.86523
-5126.78564
-38776.81641
8315.63672
2568.11816
-16663.61719
-27340.46875
16043.38281
-12556.14062
17243.17773
-24763.08008
-15381.86719
8775.85938
1165.42920
3825.16260
-19961.32031
11479.73242
35726.46875
24708.28516
12654.89062
-8491.15820
8854.32129
-14688.79688
17162.47070
4410.54443
5098.22510
-39552.17969
14886.01855
40270.74219
-18343.35352
40446.24609
27183.18750
-23350.14062
4352.61816
-32548.94531
-16518.26562
-10732.37891
13325.11328
34401.40625
3052.34448
-35227.24609
9632.37109
22986.27148
-22685.20898
-15179.08984
-9854.24902
30844.94531
12221.29785
33623.86328
-19425.57227
-3153.00049
3596.68311
-16649.46094
-26260.94141
-27444.21484
-8429.95020
23051.74414
-19212.88867
-8634.16602
-17446.35352
-24217.86719
21002.77734
-15374.14551
6836.00781
-13051.12500
-35016.75391
2111.65015
-27210.24219
-32329.25781
-17998.76367
-27638.89844
-25497.07422
-10374.13379
-1374.34619
13781.89258
-19811.60938
17020.78906
14549.15625
26449.93945
-16664.50781
-40577.99219
16809.25781
30893.70703
5665.86523
23368.47070
-5011.80176
-18204.10352
-23221.66406
19420.46875
-39675.92578
32408.29688
25480.31055
-20247.23828
20169.51562
-38382.64062
2240.37036
7576.93018
31754.30664
-1985.40869
-10539.17285
10117.34961
-27287.05469
-10107.92773
-22513.50000
-21776.89844
12860.42383
-26853.65625
28028.16406
-160.03809
-26968.34766
12523.64453
7882.27734
1560.76489
-20725.73242
-18272.00781
-1409.03857
30079.86914
17603.69531
-37030.89453
-24691.58789
-19272.10156
-9222.96484
8251.30371
22375.62109
-36090.20703
-25009.63281
-8181.82617
15674.33398
-4538.48340
-9999.00195
31405.11328
-1221.70850
-1463.10571
-16352.81445
-24251.63281
-14403.12988
-6529.45117
11366.36523
-15112.34863
-5134.43555
18861.04297
-12117.54102
-26057.62695
-14991.20801
-561.44586
-3939.54053
-8758.45117
-40643.29688
9821.67090
9463.32422
-748.24121
-15655.43750
10505.70703
-3446.79883
-12965.86719
20225.99023
6710.45801
-18747.89648
-1754.67285
-30266.82227
11233.96484
27631.44141
17382.99219
33444.28516
17817.68164
35691.44141
38964.60547
-923.37012
34708.98828
10382.76074
8361.70312
-20221.86328
-23928.33789
42500.89844
-35942.70703
-7872.01074
-25728.05859
-26380.43359
9656.69434
5965.65430
-32067.82617
990.92871
-14707.59375
21452.05859
14249.30469
24023.21094
-15903.67773
-29153.85938
-1356.63818
24486.99414
-35761.40234
27078.06641
-13632.26660
6047.02344
7317.64160